# file: 8way.txt
#
# 	This produces an interesting environment for a 2-link robot.
#	It consists of two connected annulus corridors:
#
#	    ------------
#	    |  ______  |
#	    |  |    |  |
#	    |  |    |  |_________
#	    |  ------  _______  |
#	    |________  |     |  |
#	            |  |     |  |
#	            |  |_____|  |
#	            |___________|
#
# 	-- Chee Yap, July 22, 2013.
#
# 	Notes:
#	I have not yet checked that the orientations
#	of the polygons are correct.
#
##################################################
# Here is the xfig figure
#	(with suggested start/goal configurations for 2-link robot)
#
# #FIG 3.2  Produced by xfig version 3.2.5b
# Landscape
# Center
# Inches
# Letter  
# 100.00
# Single
# -2
# 1200 2
# 2 2 0 1 0 7 50 -1 -1 0.000 0 0 -1 0 0 5
# 	 4800 1200 10200 1200 10200 6600 4800 6600 4800 1200
# 2 3 0 1 0 5 50 -1 32 0.000 0 0 -1 0 0 4
# 	 7950 3750 10200 3750 10200 1500 7950 3750
# 2 3 0 1 0 5 50 -1 32 0.000 0 0 -1 0 0 4
# 	 7950 4050 10200 6300 10200 4050 7950 4050
# 2 3 0 1 0 5 50 -1 32 0.000 0 0 -1 0 0 4
# 	 7650 4350 7650 6600 9900 6600 7650 4350
# 2 3 0 1 0 5 50 -1 32 0.000 0 0 -1 0 0 4
# 	 7350 4350 5100 6600 7350 6600 7350 4350
# 2 3 0 1 0 5 50 -1 32 0.000 0 0 -1 0 0 4
# 	 4800 3750 7050 3750 4800 1500 4800 3750
# 2 3 0 1 0 5 50 -1 32 0.000 0 0 -1 0 0 4
# 	 5100 1200 7350 3450 7350 1200 5100 1200
# 2 3 0 1 0 5 50 -1 32 0.000 0 0 -1 0 0 4
# 	 7650 1200 7650 3450 9900 1200 7650 1200
# 2 1 0 3 0 7 50 -1 -1 0.000 0 0 -1 1 0 3
# 	0 0 3.00 90.00 165.00
# 	 8100 3150 7500 3750 7500 2205
# 2 1 0 3 0 7 50 -1 -1 0.000 0 0 -1 1 0 3
# 	0 0 3.00 90.00 165.00
# 	 6825 4650 7500 3975 7500 5520
# 2 3 0 1 0 5 250 -1 32 0.000 0 0 -1 0 0 4
# 	 7050 4050 4800 4050 4800 6300 7050 4050

# Number of Points:
28

# (1) Bounding outer polygon:
4800 1200 10200 1200 10200 6600 4800 6600 

# (2) 8 Triangles
# points 5,6,7
7950 3750 10200 3750 10200 1500 
# points 8,9,10
7950 4050 10200 6300 10200 4050 
# points 11,12,13
7650 4350 7650 6600 9900 6600
7350 4350 5100 6600 7350 6600
4800 3750 7050 3750 4800 1500
5100 1200 7350 3450 7350 1200
7650 1200 7650 3450 9900 1200
7050 4050 4800 4050 4800 6300 

# NUMBER OF POLYGONS:
9

# First Outer Polygon:
4 3 2 1 4

# 8 triangles:
7 6 5 7
10 9 8 10
13 12 11 13
16 15 14 16
19 18 17 19
22 21 20 22
25 24 23 25
28 27 26 28
