300
236 436
272 411
223 465
333 132
318 96
356 138
398 391
425 348
411 403
141 137
141 182
138 193
206 130
206 156
173 151
89 43
130 7
105 47
323 335
366 325
319 349
356 77
370 106
340 74
53 410
89 442
59 458
395 270
431 300
378 290
297 466
311 474
283 473
381 181
417 222
380 191
335 273
373 312
376 321
391 270
337 311
387 264
51 77
70 110
47 122
64 235
56 188
58 197
167 435
131 480
156 423
311 371
334 363
328 403
66 271
31 298
24 279
359 229
352 223
338 196
432 318
430 355
421 302
400 282
370 276
394 277
176 406
167 410
167 403
428 443
389 499
395 477
84 239
78 248
84 237
357 154
340 149
388 134
430 439
437 414
448 408
175 26
216 32
213 42
159 69
148 39
159 5
112 216
89 190
125 228
112 428
63 407
74 374
199 322
234 342
193 344
289 32
311 42
296 86
422 428
413 431
410 412
440 354
407 326
464 364
328 162
338 170
301 148
24 230
50 223
21 248
269 229
271 271
236 258
431 217
447 239
418 238
65 352
22 347
35 299
169 349
157 313
171 353
246 116
221 138
235 101
264 328
243 350
239 317
319 240
345 207
350 229
455 440
461 484
421 490
386 272
349 307
346 306
374 296
368 301
366 288
221 337
217 350
202 324
108 335
133 359
117 368
421 426
462 417
417 436
315 284
274 297
294 283
347 95
301 102
354 54
31 111
87 75
74 110
317 420
271 432
274 390
44 423
43 415
61 406
355 382
389 395
361 418
40 233
62 232
89 239
66 371
43 431
53 395
407 84
400 91
415 66
223 309
194 288
214 286
127 420
112 381
115 388
86 17
102 29
97 34
217 142
179 169
188 152
214 176
213 161
216 170
410 190
412 168
437 144
164 234
195 260
154 267
282 334
272 344
275 297
244 236
243 271
222 247
363 412
356 442
344 431
381 327
351 297
368 303
341 115
359 94
360 122
431 364
443 354
446 355
19 196
60 224
49 230
408 302
386 299
387 295
424 261
387 232
407 212
253 281
254 259
310 280
44 326
48 290
74 299
465 427
469 428
447 453
317 194
356 132
343 195
462 65
440 92
455 65
398 261
419 254
391 301
50 226
78 236
43 242
218 129
193 127
228 123
355 114
350 113
374 87
168 443
207 478
178 455
204 437
188 447
164 390
294 186
302 177
332 154
374 299
403 346
363 345
50 385
39 394
70 357
265 269
254 269
242 228
241 73
257 43
264 62
364 94
336 100
315 54
268 272
287 266
278 284
292 430
274 367
308 380
190 261
138 271
189 226
129 77
97 59
139 73
113 52
155 61
155 104
212 3
220 42
169 36
361 191
390 138
394 161
143 68
155 32
144 76
100
1 2 3 1
4 5 6 4
7 8 9 7
10 11 12 10
13 14 15 13
16 17 18 16
19 20 21 19
22 23 24 22
25 26 27 25
28 29 30 28
31 32 33 31
34 35 36 34
37 38 39 37
40 41 42 40
43 44 45 43
46 47 48 46
49 50 51 49
52 53 54 52
55 56 57 55
58 59 60 58
61 62 63 61
64 65 66 64
67 68 69 67
70 71 72 70
73 74 75 73
76 77 78 76
79 80 81 79
82 83 84 82
85 86 87 85
88 89 90 88
91 92 93 91
94 95 96 94
97 98 99 97
100 101 102 100
103 104 105 103
106 107 108 106
109 110 111 109
112 113 114 112
115 116 117 115
118 119 120 118
121 122 123 121
124 125 126 124
127 128 129 127
130 131 132 130
133 134 135 133
136 137 138 136
139 140 141 139
142 143 144 142
145 146 147 145
148 149 150 148
151 152 153 151
154 155 156 154
157 158 159 157
160 161 162 160
163 164 165 163
166 167 168 166
169 170 171 169
172 173 174 172
175 176 177 175
178 179 180 178
181 182 183 181
184 185 186 184
187 188 189 187
190 191 192 190
193 194 195 193
196 197 198 196
199 200 201 199
202 203 204 202
205 206 207 205
208 209 210 208
211 212 213 211
214 215 216 214
217 218 219 217
220 221 222 220
223 224 225 223
226 227 228 226
229 230 231 229
232 233 234 232
235 236 237 235
238 239 240 238
241 242 243 241
244 245 246 244
247 248 249 247
250 251 252 250
253 254 255 253
256 257 258 256
259 260 261 259
262 263 264 262
265 266 267 265
268 269 270 268
271 272 273 271
274 275 276 274
277 278 279 277
280 281 282 280
283 284 285 283
286 287 288 286
289 290 291 289
292 293 294 292
295 296 297 295
298 299 300 298