# file: DemoSE2_PRM.txt
#
#	Adapted from DemoSE2_PRM.fig
#	The demo environment from Kavraki's OOPSMP software.
#
#	--Chee (June 2012)

#POINTS:
34	# =8+4+4+4+4+5+5
# 8 (robot)
	 -1841 207 -1841 -409 858 -409 858 85
	 711 85 711 -218 -1657 -218 -1657 207
# 4
	 -5500 -5500 5500 -5500 5500 -5000 -5500 -5000
# 4
	 -5500 5000 5500 5000 5500 5500 -5500 5500
# 4
	 -5500 -5000 -5000 -5000 -5000 5000 -5500 5000
# 4
	 5000 -5000 5500 -5000 5500 5000 5000 5000
# 5
	 55 -5053 661 -5053 2810 865 2332 1075 91 -4958
# 5
	 -918 4996 -918 3168 -73 -333 1212 523 -404 5015 

6
# 6 obstacles (do 7 obstacles to see the robot)
	9 10 11 12 9
	13 14 15 16 13
	17 18 19 20 17
	21 22 23 24 21
	25 26 27 28 29 25
	30 31 32 32 33 30
# Robot: (we do not show it)
	1 2 3 4 5 6 7 8 1

# THESE ARE THE ORIGINAL ENVIRONMENT:
# 
#             -0.550000 -0.550000
#             0.550000 -0.550000
#             0.550000 -0.500000
#             -0.550000 -0.500000
# 
#             -0.550000 0.500000
#             0.550000 0.500000
#             0.550000 0.550000
#             -0.550000 0.550000
# 
#             -0.550000 -0.500000
#             -0.500000 -0.500000
#             -0.500000 0.500000
#             -0.550000 0.500000
# 
#             0.500000 -0.500000
#             0.550000 -0.500000
#             0.550000 0.500000
#             0.500000 0.500000
# 
#             0.005510 -0.505350
#             0.066120 -0.505350
#             0.281010 0.086587
#             0.233257 0.107523
#             0.009183 -0.495833
# 
#             -0.091833 0.499610
#             -0.091833 0.316890
#             -0.007347 -0.033323
#             0.121220 0.052327
#             -0.040407 0.501513
# 
# THIS IS THE xfig Version:
#
2 3 0 1 0 7 50 -1 -1 0.000 0 0 -1 0 0 5
	 -5500 -5500 5500 -5500 5500 -5000 -5500 -5000 -5500 -5500
2 3 0 1 0 7 50 -1 -1 0.000 0 0 -1 0 0 5
	 -5500 5000 5500 5000 5500 5500 -5500 5500 -5500 5000
2 3 0 1 0 7 50 -1 -1 0.000 0 0 -1 0 0 5
	 -5500 -5000 -5000 -5000 -5000 5000 -5500 5000 -5500 -5000
2 3 0 1 0 7 50 -1 -1 0.000 0 0 -1 0 0 5
	 5000 -5000 5500 -5000 5500 5000 5000 5000 5000 -5000
2 3 0 1 0 7 50 -1 -1 0.000 0 0 -1 0 0 6
	 55 -5053 661 -5053 2810 865 2332 1075 91 -4958 55 -5053
2 3 0 1 0 7 50 -1 -1 0.000 0 0 -1 0 0 6
	 -918 4996 -918 3168 -73 -333 1212 523 -404 5015 -918 4996


