600
447 216
445 213
437 170
410 151
409 191
391 141
198 204
220 194
196 215
231 230
242 265
221 231
73 122
47 103
41 69
182 394
179 368
236 385
299 166
293 168
289 162
167 111
128 86
150 71
235 54
248 103
202 99
443 251
444 235
444 237
109 198
110 226
94 228
293 253
292 274
290 250
191 470
162 445
196 458
93 305
116 279
111 310
61 118
108 140
66 135
180 189
132 171
122 139
69 33
102 35
82 44
185 345
196 348
214 378
117 384
109 343
123 390
380 306
376 359
373 334
223 142
208 148
219 127
381 215
386 255
351 217
373 112
375 102
390 139
405 402
348 421
356 409
147 369
200 388
143 420
101 313
137 281
110 327
346 149
363 96
396 128
60 308
37 257
64 291
443 458
451 421
453 454
431 61
485 56
479 99
87 150
129 166
91 161
260 147
253 127
299 172
241 180
265 215
242 238
111 248
93 301
70 257
148 492
171 437
169 491
240 427
239 420
238 380
231 302
216 295
258 249
76 318
37 327
65 286
83 411
91 411
88 446
343 1
388 14
329 3
138 488
133 483
152 469
337 222
366 217
343 263
154 312
126 356
103 338
322 354
312 330
371 318
9 388
51 368
56 417
176 384
195 361
215 387
383 65
414 78
370 104
266 128
274 100
268 157
129 454
130 406
169 439
445 344
385 314
435 338
288 428
262 415
273 409
147 247
166 196
188 196
297 195
280 214
249 194
399 216
444 215
403 254
52 407
103 433
99 433
221 247
194 230
227 190
156 333
115 313
146 296
75 256
86 228
128 247
490 419
469 395
476 376
108 450
60 467
113 442
119 150
140 201
140 208
247 225
274 184
279 215
110 183
97 185
90 176
242 111
269 134
227 143
425 432
427 440
405 432
280 64
282 22
289 55
383 76
385 32
397 38
203 215
171 175
216 212
96 154
131 164
121 186
385 50
427 53
441 80
448 78
455 52
464 71
435 225
400 208
438 221
263 196
293 216
247 187
271 162
271 170
262 158
89 418
100 427
69 433
215 345
267 324
251 346
392 74
377 76
349 35
285 51
286 13
292 26
337 342
307 348
324 311
152 79
207 112
203 125
305 64
337 81
290 79
454 387
424 362
446 343
314 73
349 27
355 32
341 216
366 239
316 234
214 405
153 379
182 346
201 192
196 228
182 216
446 205
435 202
454 174
242 363
253 363
228 365
488 359
476 357
459 350
103 365
75 382
70 366
204 439
204 422
227 459
267 51
269 23
292 6
160 217
211 185
155 222
427 45
410 48
412 21
48 104
93 103
53 122
234 136
205 155
190 152
340 393
362 392
360 409
359 97
325 107
352 92
396 292
450 322
426 310
473 332
479 362
466 344
485 50
483 50
475 37
340 242
309 208
342 209
116 78
105 52
117 63
268 269
243 243
270 250
416 126
394 96
455 135
285 147
269 129
317 118
199 375
182 358
209 380
375 52
398 35
363 74
101 148
111 148
96 161
124 426
174 391
177 438
95 274
134 283
73 275
204 189
265 180
256 236
446 246
464 239
437 287
451 305
433 257
442 269
159 281
203 276
198 281
247 462
225 422
254 472
103 333
104 302
113 326
34 399
84 355
90 360
150 318
135 342
114 334
409 250
412 277
400 260
153 351
141 298
170 331
366 208
330 209
346 207
385 442
414 416
405 426
311 206
284 224
281 217
370 147
416 185
367 153
205 386
187 380
219 376
213 326
237 340
250 353
353 172
395 127
367 165
388 84
379 65
412 49
377 223
418 194
425 198
201 156
182 197
165 170
390 269
387 282
385 276
37 221
22 226
37 183
490 269
454 215
465 224
114 436
163 430
151 454
406 60
450 48
452 74
327 81
361 86
344 134
438 360
488 367
455 411
434 306
435 314
374 331
380 393
414 421
384 449
402 83
355 37
377 42
413 107
463 115
428 119
156 95
128 79
136 58
144 478
147 431
156 479
295 297
239 266
264 238
479 169
485 210
446 178
349 439
320 467
328 429
291 260
297 270
265 264
423 94
442 140
440 143
66 268
72 266
82 301
241 463
188 454
239 425
222 174
212 190
186 211
102 345
141 353
79 347
60 282
65 312
48 301
442 116
481 99
442 117
120 160
126 157
146 158
330 128
289 119
333 94
301 178
277 194
287 180
230 204
264 236
247 245
326 168
317 192
324 150
154 442
135 429
191 440
296 24
281 56
259 41
274 261
253 218
255 204
32 120
71 68
59 104
124 87
105 45
121 65
166 132
130 127
184 95
387 184
410 199
396 207
335 451
287 422
324 437
131 176
152 185
136 200
154 331
119 353
97 343
427 258
393 246
406 238
230 239
171 184
206 190
145 196
123 224
104 221
57 324
105 318
62 326
23 351
26 313
40 316
225 94
201 101
190 97
403 153
358 111
394 144
71 221
25 240
20 232
243 463
223 451
204 420
280 381
300 346
323 327
380 344
400 351
351 383
503 388
478 394
448 365
458 144
459 122
469 140
278 413
277 446
273 445
206 265
227 237
240 221
252 414
244 421
219 408
350 355
356 363
352 360
216 66
225 57
219 84
247 176
209 208
199 196
79 60
103 4
117 47
290 217
260 257
271 242
57 447
60 446
113 458
130 49
140 54
126 75
126 372
102 338
125 366
290 79
318 89
316 96
155 95
214 88
177 104
352 484
322 440
337 429
24 465
68 440
46 481
422 291
434 261
432 272
169 329
200 321
194 334
200
1 2 3 1
4 5 6 4
7 8 9 7
10 11 12 10
13 14 15 13
16 17 18 16
19 20 21 19
22 23 24 22
25 26 27 25
28 29 30 28
31 32 33 31
34 35 36 34
37 38 39 37
40 41 42 40
43 44 45 43
46 47 48 46
49 50 51 49
52 53 54 52
55 56 57 55
58 59 60 58
61 62 63 61
64 65 66 64
67 68 69 67
70 71 72 70
73 74 75 73
76 77 78 76
79 80 81 79
82 83 84 82
85 86 87 85
88 89 90 88
91 92 93 91
94 95 96 94
97 98 99 97
100 101 102 100
103 104 105 103
106 107 108 106
109 110 111 109
112 113 114 112
115 116 117 115
118 119 120 118
121 122 123 121
124 125 126 124
127 128 129 127
130 131 132 130
133 134 135 133
136 137 138 136
139 140 141 139
142 143 144 142
145 146 147 145
148 149 150 148
151 152 153 151
154 155 156 154
157 158 159 157
160 161 162 160
163 164 165 163
166 167 168 166
169 170 171 169
172 173 174 172
175 176 177 175
178 179 180 178
181 182 183 181
184 185 186 184
187 188 189 187
190 191 192 190
193 194 195 193
196 197 198 196
199 200 201 199
202 203 204 202
205 206 207 205
208 209 210 208
211 212 213 211
214 215 216 214
217 218 219 217
220 221 222 220
223 224 225 223
226 227 228 226
229 230 231 229
232 233 234 232
235 236 237 235
238 239 240 238
241 242 243 241
244 245 246 244
247 248 249 247
250 251 252 250
253 254 255 253
256 257 258 256
259 260 261 259
262 263 264 262
265 266 267 265
268 269 270 268
271 272 273 271
274 275 276 274
277 278 279 277
280 281 282 280
283 284 285 283
286 287 288 286
289 290 291 289
292 293 294 292
295 296 297 295
298 299 300 298
301 302 303 301
304 305 306 304
307 308 309 307
310 311 312 310
313 314 315 313
316 317 318 316
319 320 321 319
322 323 324 322
325 326 327 325
328 329 330 328
331 332 333 331
334 335 336 334
337 338 339 337
340 341 342 340
343 344 345 343
346 347 348 346
349 350 351 349
352 353 354 352
355 356 357 355
358 359 360 358
361 362 363 361
364 365 366 364
367 368 369 367
370 371 372 370
373 374 375 373
376 377 378 376
379 380 381 379
382 383 384 382
385 386 387 385
388 389 390 388
391 392 393 391
394 395 396 394
397 398 399 397
400 401 402 400
403 404 405 403
406 407 408 406
409 410 411 409
412 413 414 412
415 416 417 415
418 419 420 418
421 422 423 421
424 425 426 424
427 428 429 427
430 431 432 430
433 434 435 433
436 437 438 436
439 440 441 439
442 443 444 442
445 446 447 445
448 449 450 448
451 452 453 451
454 455 456 454
457 458 459 457
460 461 462 460
463 464 465 463
466 467 468 466
469 470 471 469
472 473 474 472
475 476 477 475
478 479 480 478
481 482 483 481
484 485 486 484
487 488 489 487
490 491 492 490
493 494 495 493
496 497 498 496
499 500 501 499
502 503 504 502
505 506 507 505
508 509 510 508
511 512 513 511
514 515 516 514
517 518 519 517
520 521 522 520
523 524 525 523
526 527 528 526
529 530 531 529
532 533 534 532
535 536 537 535
538 539 540 538
541 542 543 541
544 545 546 544
547 548 549 547
550 551 552 550
553 554 555 553
556 557 558 556
559 560 561 559
562 563 564 562
565 566 567 565
568 569 570 568
571 572 573 571
574 575 576 574
577 578 579 577
580 581 582 580
583 584 585 583
586 587 588 586
589 590 591 589
592 593 594 592
595 596 597 595
598 599 600 598
