300
434 269
453 284
423 282
45 222
103 204
84 246
436 306
466 303
443 333
179 107
179 76
198 85
215 378
180 394
184 389
379 256
388 247
381 270
346 157
401 150
393 155
286 180
281 181
299 156
221 104
212 114
216 92
171 302
203 327
161 341
476 360
480 375
446 359
143 152
135 102
152 121
341 16
368 3
387 28
345 124
351 126
295 148
164 200
168 227
151 204
151 218
143 245
128 239
369 80
371 88
362 115
370 35
406 22
415 30
237 431
274 403
287 422
118 199
68 221
113 177
247 397
249 417
244 372
123 122
130 122
135 154
376 369
351 397
347 379
192 364
200 346
201 350
265 408
305 431
270 447
218 238
245 243
266 284
205 215
188 180
198 199
257 99
244 109
272 85
398 469
436 444
426 494
70 176
81 192
77 200
342 438
350 432
381 425
254 394
239 391
220 362
163 290
166 266
175 319
456 366
471 328
491 329
165 372
182 374
169 395
329 246
339 228
348 226
245 430
246 391
291 403
91 336
69 362
45 333
362 147
368 151
368 193
61 350
95 393
80 378
146 429
129 405
108 366
48 81
84 129
44 99
465 352
436 329
457 304
273 102
233 107
225 92
400 273
394 261
411 258
140 331
157 383
112 370
68 94
106 102
59 118
206 175
208 151
216 158
55 49
61 67
47 49
133 454
72 477
108 442
409 158
365 163
394 140
312 426
283 408
293 388
75 217
121 205
116 221
171 89
160 91
162 88
142 98
133 101
117 103
239 401
263 393
223 408
114 501
90 498
101 465
487 291
455 344
458 326
80 126
80 149
70 178
187 130
145 166
157 133
443 279
469 328
464 324
309 126
281 124
301 101
124 125
156 152
105 144
408 126
393 151
371 155
453 288
411 255
422 253
207 357
199 343
223 380
441 82
443 101
426 91
42 405
63 429
35 447
231 399
182 409
197 381
492 207
451 186
462 173
473 444
476 470
429 504
59 416
114 421
113 422
232 174
224 154
219 133
150 479
126 480
123 449
197 393
162 442
152 437
6 104
29 97
56 108
272 339
311 308
301 331
199 415
194 360
205 384
367 56
332 96
308 74
257 425
268 400
262 449
258 490
254 461
276 465
118 267
129 276
124 273
172 64
172 81
163 77
325 178
279 138
308 125
441 78
427 104
394 95
322 358
308 338
331 359
197 397
160 382
147 351
96 91
119 81
101 108
428 303
427 279
429 297
64 176
102 151
101 166
284 34
301 52
270 26
401 266
405 242
414 264
122 299
148 314
145 317
256 418
212 371
248 386
387 268
358 226
383 260
203 396
189 430
192 368
402 452
393 448
370 437
184 443
135 493
169 435
357 151
309 135
339 116
70 393
118 410
129 440
100
1 2 3 1
4 5 6 4
7 8 9 7
10 11 12 10
13 14 15 13
16 17 18 16
19 20 21 19
22 23 24 22
25 26 27 25
28 29 30 28
31 32 33 31
34 35 36 34
37 38 39 37
40 41 42 40
43 44 45 43
46 47 48 46
49 50 51 49
52 53 54 52
55 56 57 55
58 59 60 58
61 62 63 61
64 65 66 64
67 68 69 67
70 71 72 70
73 74 75 73
76 77 78 76
79 80 81 79
82 83 84 82
85 86 87 85
88 89 90 88
91 92 93 91
94 95 96 94
97 98 99 97
100 101 102 100
103 104 105 103
106 107 108 106
109 110 111 109
112 113 114 112
115 116 117 115
118 119 120 118
121 122 123 121
124 125 126 124
127 128 129 127
130 131 132 130
133 134 135 133
136 137 138 136
139 140 141 139
142 143 144 142
145 146 147 145
148 149 150 148
151 152 153 151
154 155 156 154
157 158 159 157
160 161 162 160
163 164 165 163
166 167 168 166
169 170 171 169
172 173 174 172
175 176 177 175
178 179 180 178
181 182 183 181
184 185 186 184
187 188 189 187
190 191 192 190
193 194 195 193
196 197 198 196
199 200 201 199
202 203 204 202
205 206 207 205
208 209 210 208
211 212 213 211
214 215 216 214
217 218 219 217
220 221 222 220
223 224 225 223
226 227 228 226
229 230 231 229
232 233 234 232
235 236 237 235
238 239 240 238
241 242 243 241
244 245 246 244
247 248 249 247
250 251 252 250
253 254 255 253
256 257 258 256
259 260 261 259
262 263 264 262
265 266 267 265
268 269 270 268
271 272 273 271
274 275 276 274
277 278 279 277
280 281 282 280
283 284 285 283
286 287 288 286
289 290 291 289
292 293 294 292
295 296 297 295
298 299 300 298
