# file: test0
# OUTPUT FROM OUR IMAGE TRANSFORM SOFTWARE
# This shows a rotated square subdivided into subsquares
#
# This file is annotated:

# p 4  -- says that this polygon has four vertices
#         The next line gives the RGB colors for drawing the polygon
#         Then follows four (x,y) pairs, one per line:
p 4
0.183594 0.273438 0.28125
-1 4
-1.07246 4
-1.295 4.83
-1 4.90909

# p 3  -- says that this polygon has three vertices
#         The next line gives the RGB colors for drawing the polygon
#         Then follows three (x,y) pairs, one per line:
p 3
0.183594 0.273438 0.28125
-1 3.72973
-1.07246 4
-1 4
p 3
0.183594 0.273438 0.28125
0 5
-0.660945 5
0 5.17721
p 5
0.183594 0.273438 0.28125
0 4
-1 4
-1 4.90909
-0.660945 5
0 5
p 5
0.183594 0.273438 0.28125
0 3
-0.804348 3
-1 3.72973
-1 4
0 4
p 4
0.183594 0.273438 0.28125
0 2
-0.536232 2
-0.804348 3
0 3
p 4
0.183594 0.273438 0.28125
0 1
-0.268116 1
-0.536232 2
0 2
p 3
0.183594 0.273438 0.28125
0 0
-0.268116 1
0 1
p 4
0.183594 0.273438 0.28125
1 5
0 5
0 5.17721
1 5.44533
p 4
0.183594 0.273438 0.28125
1 4
0 4
0 5
1 5
p 4
0.183594 0.273438 0.28125
1 3
0 3
0 4
1 4
p 4
0.183594 0.273438 0.28125
1 2
0 2
0 3
1 3
p 4
0.183594 0.273438 0.28125
1 1
0 1
0 2
1 2
p 4
0.183594 0.273438 0.28125
1 0.268116
0 0
0 1
1 1
p 4
0.183594 0.273438 0.28125
2 5
1 5
1 5.44533
2 5.71344
p 4
0.183594 0.273438 0.28125
2 4
1 4
1 5
2 5
p 4
0.183594 0.273438 0.28125
2 3
1 3
1 4
2 4
p 4
0.183594 0.273438 0.28125
2 2
1 2
1 3
2 3
p 4
0.183594 0.273438 0.28125
2 1
1 1
1 2
2 2
p 4
0.183594 0.273438 0.28125
2 0.536232
1 0.268116
1 1
2 1
p 4
0.183594 0.273438 0.28125
3 5
2 5
2 5.71344
3 5.98156
p 4
0.183594 0.273438 0.28125
3 4
2 4
2 5
3 5
p 4
0.183594 0.273438 0.28125
3 3
2 3
2 4
3 4
p 4
0.183594 0.273438 0.28125
3 2
2 2
2 3
3 3
p 4
0.183594 0.273438 0.28125
3 1
2 1
2 2
3 2
p 4
0.183594 0.273438 0.28125
3 0.804348
2 0.536232
2 1
3 1
p 4
0.183594 0.273438 0.28125
3.56851 6
3.06878 6
3.535 6.125
3.535 6.125
p 5
0.183594 0.273438 0.28125
3.83663 5
3 5
3 5.98156
3.06878 6
3.56851 6
p 5
0.183594 0.273438 0.28125
4 4
3 4
3 5
3.83663 5
4 4.39068
p 4
0.183594 0.273438 0.28125
4 3
3 3
3 4
4 4
p 4
0.183594 0.273438 0.28125
4 2
3 2
3 3
4 3
p 5
0.183594 0.273438 0.28125
4 1.07246
3.72973 1
3 1
3 2
4 2
p 6
0.183594 0.273438 0.28125
4 1.07246
3.72973 1
3.72973 1
3 0.804348
3 1
3.72973 1
p 3
0.183594 0.273438 0.28125
4 4
4.10475 4
4 4.39068
p 4
0.183594 0.273438 0.28125
4 3
4.37286 3
4.10475 4
4 4
p 4
0.183594 0.273438 0.28125
4 2
4.64098 2
4.37286 3
4 3
p 4
0.183594 0.273438 0.28125
4 1.07246
4.83 1.295
4.64098 2
4 2

# THE END OF INPUT
