900
142 405
140 385
162 375
167 212
187 182
180 197
211 400
207 391
223 386
273 329
251 285
282 304
482 81
487 101
456 114
177 258
209 254
197 271
55 58
9 61
18 48
422 57
463 19
461 55
225 82
211 72
258 96
395 213
348 195
356 174
425 389
407 408
391 389
145 244
124 239
143 209
64 462
83 449
83 470
159 97
199 79
146 112
363 144
382 172
324 129
226 253
198 287
218 234
477 260
481 307
459 297
238 431
264 401
285 430
247 53
258 30
250 50
410 151
439 186
416 190
352 181
337 187
348 173
188 228
246 240
204 271
157 110
144 74
170 86
479 131
445 162
437 166
178 294
191 298
211 330
232 22
184 35
227 13
293 328
349 327
312 336
219 87
210 77
225 68
383 311
360 282
381 293
122 235
132 195
129 223
379 381
365 337
413 387
331 125
344 137
330 134
326 472
346 463
330 489
13 480
11 451
56 439
480 335
451 333
468 334
357 454
408 403
393 440
72 277
77 327
61 303
183 193
190 205
197 251
370 436
372 433
395 441
356 192
399 220
372 215
346 464
334 492
338 471
181 166
202 186
157 187
180 134
141 93
179 120
286 340
313 346
277 371
308 130
327 96
329 148
79 362
72 355
76 311
90 415
56 396
73 395
34 6
43 58
26 68
77 407
52 377
102 398
78 165
121 177
127 224
257 354
193 364
222 353
437 308
461 327
449 362
174 386
116 434
119 393
75 477
51 442
99 436
363 267
367 242
403 273
250 210
255 271
242 244
218 360
248 364
238 375
47 398
75 419
25 403
100 462
111 437
114 496
114 105
128 150
116 131
227 309
185 347
189 336
450 326
484 388
433 385
351 85
365 57
371 96
303 402
301 385
310 384
102 113
100 106
108 85
77 364
34 374
64 345
390 472
418 464
408 483
299 200
280 233
280 204
436 295
437 310
395 279
159 288
161 349
110 304
335 320
327 338
296 334
400 192
404 205
406 214
306 164
327 198
302 210
360 238
406 174
373 225
52 161
32 168
37 135
373 136
394 198
358 145
115 100
101 136
69 114
403 265
389 231
406 230
297 332
311 298
318 327
348 404
319 387
338 366
76 33
79 13
83 49
195 345
244 345
196 375
435 28
457 31
403 71
111 162
110 169
68 172
420 106
413 100
372 64
26 403
27 377
59 402
173 81
215 86
156 97
155 41
154 69
114 59
468 412
486 439
445 392
176 326
158 297
148 272
58 230
55 263
47 211
489 469
471 418
478 430
123 251
172 263
179 275
47 506
65 448
102 466
328 419
354 394
337 417
246 482
215 476
239 435
450 195
422 145
460 174
312 190
298 200
281 199
435 89
420 50
430 72
259 246
248 219
293 265
311 208
315 223
277 220
141 373
163 331
165 371
24 74
33 86
15 77
119 383
90 428
83 429
157 452
209 487
194 485
392 306
403 285
413 331
347 209
358 246
320 232
275 468
222 504
243 446
193 82
207 111
188 94
74 430
98 416
88 454
90 145
97 145
50 162
384 92
402 65
418 57
200 208
176 234
171 191
352 164
321 125
330 108
284 104
254 110
265 77
327 461
317 412
326 417
304 144
280 145
309 133
324 57
274 31
296 3
327 272
304 267
327 211
117 206
123 228
81 209
327 342
327 296
355 346
228 137
232 149
195 147
456 115
471 86
493 60
180 254
204 231
201 251
94 461
94 425
104 418
252 64
243 53
260 42
405 178
391 184
387 150
348 463
335 420
362 433
153 194
129 146
141 169
85 374
83 425
73 393
56 104
38 89
37 61
80 299
99 252
126 302
163 183
186 198
177 216
72 212
69 194
116 252
102 67
71 81
91 58
308 43
297 89
295 88
47 393
69 382
76 417
212 119
266 156
219 158
342 376
336 390
325 357
398 448
396 438
448 491
170 85
212 72
181 104
272 240
270 264
238 281
249 332
254 300
292 320
22 56
72 51
35 74
433 431
430 419
447 419
249 135
235 89
252 83
280 396
256 397
280 389
403 278
383 238
411 262
75 61
119 89
104 88
255 31
227 29
243 26
93 350
126 392
101 385
439 242
386 198
417 191
429 98
430 48
447 85
420 175
408 176
367 141
285 297
302 260
301 289
150 70
154 100
144 113
434 444
446 446
471 471
364 258
326 289
319 249
311 111
321 88
344 88
155 244
154 210
155 199
480 49
501 30
495 81
370 275
380 238
373 284
451 226
410 242
443 219
434 148
420 179
428 143
424 83
449 51
468 47
480 198
487 197
459 214
81 346
98 387
52 396
155 156
168 146
150 177
441 61
432 98
402 39
336 132
361 159
352 159
426 164
472 171
432 172
244 353
242 328
266 321
213 95
209 40
216 99
94 223
106 172
143 179
99 383
132 380
104 386
375 431
386 416
381 457
75 202
54 220
39 197
313 323
341 275
361 276
81 307
32 265
59 284
71 55
48 30
55 22
370 36
378 54
349 62
235 311
254 321
222 313
95 373
56 404
56 382
185 141
151 129
158 119
301 140
347 145
284 200
85 261
43 266
82 235
272 330
313 324
281 330
371 177
347 162
370 125
337 287
371 311
344 332
248 166
229 147
212 112
344 293
357 300
334 323
263 284
268 302
226 303
236 164
217 199
214 182
227 78
226 121
221 90
339 418
363 449
362 450
357 270
374 245
377 282
96 328
115 338
74 327
124 316
129 299
132 316
64 247
67 264
61 264
205 228
209 192
211 208
312 220
293 206
303 176
320 314
302 303
335 310
266 425
260 474
233 454
278 264
294 250
317 257
104 273
165 315
125 333
263 388
216 402
226 378
403 338
397 343
349 344
60 365
59 351
68 353
393 194
397 187
413 162
379 244
374 247
383 219
50 232
23 197
45 205
281 370
279 350
325 385
294 58
297 90
283 74
167 77
211 92
175 91
439 91
461 50
487 71
473 422
422 412
469 410
161 321
145 280
180 281
294 291
291 278
308 259
424 157
394 146
425 114
241 50
244 84
222 81
386 186
395 230
364 232
398 97
383 55
403 49
162 388
198 426
171 421
468 46
497 87
445 74
138 192
107 178
133 143
354 365
354 326
366 338
20 418
43 387
45 385
239 314
267 344
274 368
368 346
413 296
388 331
151 380
136 390
158 361
89 164
104 194
90 196
191 153
206 163
186 165
247 74
237 92
207 78
474 43
507 17
505 62
78 301
75 339
51 328
459 71
454 74
460 45
211 193
200 204
197 158
199 334
202 376
169 355
349 183
315 141
336 165
69 263
31 271
40 257
85 358
79 407
28 396
250 462
250 482
224 430
132 296
113 273
131 255
212 125
218 129
220 143
468 65
473 101
448 81
106 48
143 34
123 70
84 431
71 405
97 385
186 83
153 122
170 85
370 107
402 114
384 138
190 316
204 281
247 323
319 226
352 195
302 257
311 209
321 203
350 194
122 183
182 220
140 211
230 66
253 66
262 115
281 312
317 289
293 320
55 325
77 315
55 332
448 505
462 504
451 505
257 296
235 340
231 331
225 283
223 278
235 292
174 379
179 381
166 394
453 234
464 187
477 191
154 440
125 422
162 409
191 65
163 56
214 5
262 304
249 262
287 249
504 239
444 251
483 211
374 21
425 57
375 63
385 368
425 373
390 369
228 401
198 399
216 389
334 256
332 282
315 278
32 221
31 196
65 223
267 327
285 357
280 371
301 504
300 504
301 457
311 268
299 214
329 210
227 187
214 199
187 171
385 377
392 342
400 337
36 90
57 63
79 82
399 253
407 207
408 240
220 340
197 345
241 324
452 320
465 350
435 291
198 46
154 69
190 30
454 257
448 260
447 226
90 251
103 279
69 284
265 359
252 352
241 345
361 79
354 97
337 78
107 355
157 365
106 367
398 264
429 287
390 294
380 331
353 368
340 373
79 241
118 239
130 278
193 388
153 357
185 377
55 229
48 193
77 217
180 294
148 339
164 308
183 431
194 443
165 470
383 357
376 354
390 354
128 202
124 175
141 138
61 447
45 510
39 468
415 305
425 314
384 310
69 76
90 70
99 72
110 448
105 478
86 441
395 386
380 355
394 332
101 437
104 463
95 499
300
1 2 3 1
4 5 6 4
7 8 9 7
10 11 12 10
13 14 15 13
16 17 18 16
19 20 21 19
22 23 24 22
25 26 27 25
28 29 30 28
31 32 33 31
34 35 36 34
37 38 39 37
40 41 42 40
43 44 45 43
46 47 48 46
49 50 51 49
52 53 54 52
55 56 57 55
58 59 60 58
61 62 63 61
64 65 66 64
67 68 69 67
70 71 72 70
73 74 75 73
76 77 78 76
79 80 81 79
82 83 84 82
85 86 87 85
88 89 90 88
91 92 93 91
94 95 96 94
97 98 99 97
100 101 102 100
103 104 105 103
106 107 108 106
109 110 111 109
112 113 114 112
115 116 117 115
118 119 120 118
121 122 123 121
124 125 126 124
127 128 129 127
130 131 132 130
133 134 135 133
136 137 138 136
139 140 141 139
142 143 144 142
145 146 147 145
148 149 150 148
151 152 153 151
154 155 156 154
157 158 159 157
160 161 162 160
163 164 165 163
166 167 168 166
169 170 171 169
172 173 174 172
175 176 177 175
178 179 180 178
181 182 183 181
184 185 186 184
187 188 189 187
190 191 192 190
193 194 195 193
196 197 198 196
199 200 201 199
202 203 204 202
205 206 207 205
208 209 210 208
211 212 213 211
214 215 216 214
217 218 219 217
220 221 222 220
223 224 225 223
226 227 228 226
229 230 231 229
232 233 234 232
235 236 237 235
238 239 240 238
241 242 243 241
244 245 246 244
247 248 249 247
250 251 252 250
253 254 255 253
256 257 258 256
259 260 261 259
262 263 264 262
265 266 267 265
268 269 270 268
271 272 273 271
274 275 276 274
277 278 279 277
280 281 282 280
283 284 285 283
286 287 288 286
289 290 291 289
292 293 294 292
295 296 297 295
298 299 300 298
301 302 303 301
304 305 306 304
307 308 309 307
310 311 312 310
313 314 315 313
316 317 318 316
319 320 321 319
322 323 324 322
325 326 327 325
328 329 330 328
331 332 333 331
334 335 336 334
337 338 339 337
340 341 342 340
343 344 345 343
346 347 348 346
349 350 351 349
352 353 354 352
355 356 357 355
358 359 360 358
361 362 363 361
364 365 366 364
367 368 369 367
370 371 372 370
373 374 375 373
376 377 378 376
379 380 381 379
382 383 384 382
385 386 387 385
388 389 390 388
391 392 393 391
394 395 396 394
397 398 399 397
400 401 402 400
403 404 405 403
406 407 408 406
409 410 411 409
412 413 414 412
415 416 417 415
418 419 420 418
421 422 423 421
424 425 426 424
427 428 429 427
430 431 432 430
433 434 435 433
436 437 438 436
439 440 441 439
442 443 444 442
445 446 447 445
448 449 450 448
451 452 453 451
454 455 456 454
457 458 459 457
460 461 462 460
463 464 465 463
466 467 468 466
469 470 471 469
472 473 474 472
475 476 477 475
478 479 480 478
481 482 483 481
484 485 486 484
487 488 489 487
490 491 492 490
493 494 495 493
496 497 498 496
499 500 501 499
502 503 504 502
505 506 507 505
508 509 510 508
511 512 513 511
514 515 516 514
517 518 519 517
520 521 522 520
523 524 525 523
526 527 528 526
529 530 531 529
532 533 534 532
535 536 537 535
538 539 540 538
541 542 543 541
544 545 546 544
547 548 549 547
550 551 552 550
553 554 555 553
556 557 558 556
559 560 561 559
562 563 564 562
565 566 567 565
568 569 570 568
571 572 573 571
574 575 576 574
577 578 579 577
580 581 582 580
583 584 585 583
586 587 588 586
589 590 591 589
592 593 594 592
595 596 597 595
598 599 600 598
601 602 603 601
604 605 606 604
607 608 609 607
610 611 612 610
613 614 615 613
616 617 618 616
619 620 621 619
622 623 624 622
625 626 627 625
628 629 630 628
631 632 633 631
634 635 636 634
637 638 639 637
640 641 642 640
643 644 645 643
646 647 648 646
649 650 651 649
652 653 654 652
655 656 657 655
658 659 660 658
661 662 663 661
664 665 666 664
667 668 669 667
670 671 672 670
673 674 675 673
676 677 678 676
679 680 681 679
682 683 684 682
685 686 687 685
688 689 690 688
691 692 693 691
694 695 696 694
697 698 699 697
700 701 702 700
703 704 705 703
706 707 708 706
709 710 711 709
712 713 714 712
715 716 717 715
718 719 720 718
721 722 723 721
724 725 726 724
727 728 729 727
730 731 732 730
733 734 735 733
736 737 738 736
739 740 741 739
742 743 744 742
745 746 747 745
748 749 750 748
751 752 753 751
754 755 756 754
757 758 759 757
760 761 762 760
763 764 765 763
766 767 768 766
769 770 771 769
772 773 774 772
775 776 777 775
778 779 780 778
781 782 783 781
784 785 786 784
787 788 789 787
790 791 792 790
793 794 795 793
796 797 798 796
799 800 801 799
802 803 804 802
805 806 807 805
808 809 810 808
811 812 813 811
814 815 816 814
817 818 819 817
820 821 822 820
823 824 825 823
826 827 828 826
829 830 831 829
832 833 834 832
835 836 837 835
838 839 840 838
841 842 843 841
844 845 846 844
847 848 849 847
850 851 852 850
853 854 855 853
856 857 858 856
859 860 861 859
862 863 864 862
865 866 867 865
868 869 870 868
871 872 873 871
874 875 876 874
877 878 879 877
880 881 882 880
883 884 885 883
886 887 888 886
889 890 891 889
892 893 894 892
895 896 897 895
898 899 900 898
