1
2
6

719934144173333 16
968895365947511 49
786263325701686 1
740793880925701 10
967232151207059 32
990212328530743 1
810940702730685 5
741910566309509 2
679254577440068 12
948450296152330 9
644969271918674 10
698769365166815 2
808424761122705 17
765225338859433 13
636844519685222 3
835268638222728 7
1046235048122305 28
903431251381589 28
603948976424448 8
666746170506401 44
1093358062708839 5
1122549173845213 20
768660639974808 10
783200406302980 27
563824510782465 23
1018270926446562 21
1066310416161189 2
937818790718184 20
730602662723035 12
953590835046713 1
759272161295623 0
923200150967466 12
705534723778526 32
1080879428676238 22
765618034743081 43
671611732212222 13

