1
2
50

719934144173333 16
968895365947511 49
786263325701686 1
740793880925701 10
967232151207059 32
990212328530743 1
810940702730685 5
741910566309509 2
679254577440068 12
948450296152330 9
644969271918674 10
698769365166815 2
808424761122705 17
765225338859433 13
636844519685222 3
835268638222728 7
1046235048122305 28
903431251381589 28
603948976424448 8
666746170506401 44
1093358062708839 5
1122549173845213 20
768660639974808 10
783200406302980 27
563824510782465 23
1018270926446562 21
1066310416161189 2
937818790718184 20
730602662723035 12
953590835046713 1
759272161295623 0
923200150967466 12
705534723778526 32
1080879428676238 22
765618034743081 43
671611732212222 13
978293127216427 20
689429206244041 30
897414034431256 24
934218588149051 44
909609604401032 40
1078050732285074 12
661838328032980 43
927838578429625 33
853996330011601 11
690321242847460 18
572367814476624 0
654724182600583 10
679959132288850 45
897084192798486 10
1124845086249423 4
979291717587552 13
635391085551932 17
1105845146850704 39
928820658703962 38
922100484481016 2
660270544998264 36
888167888335464 12
863244429580942 34
787141035577309 12
1100157777510791 41
692909014906158 13
665751412365755 12
581632174057774 28
642305799196108 21
978110001346771 26
882821433739575 2
893786024009713 4
1107534295468510 30
579931120630211 2
805098251761984 42
781644814287067 23
971772816233699 3
696197874550455 8
651856387092963 35
824502040782619 12
637340964134699 10
594722570728925 8
613877685592017 37
779520399761127 19
1039580233960491 31
960050864255567 24
934688072452152 1
952473447693441 17
622774723168061 10
617707804135902 7
678666550325008 24
653926504362890 9
936351387531264 6
1053732655069259 26
758312101874111 30
821041818832376 49
721901005927530 29
1069001875225923 23
643818029483781 2
992262276073943 37
645816710923443 22
1030788632833323 13
815565512844799 24
1071883324111369 6
888092191789945 43
670387055418401 41
643073627344575 2
966901502637306 25
675228327439124 47
836520194481671 37
670228855351606 16
947714956010885 12
682075965766479 16
1124036281663469 24
565430388971682 2
600428469930784 18
769395257067759 3
602551561420332 2
648672880614451 40
1028850905368325 20
841603379688863 39
874859578802520 13
1080426647959247 25
597638271760824 5
572913576838038 33
875384653380017 11
926249461170618 14
774781668671352 14
1061867267930019 13
914883218849728 5
613798205115868 29
763307262439325 40
1052785305456217 0
924568611710975 19
694834419816304 42
1105705362348940 16
993683790711203 10
679586065211791 41
780830233884108 10
678776253542983 23
836704411499157 21
831791071257571 23
867925499069990 22
640299661674132 12
569169284172739 29
643235677384579 33
620594251498233 0
880646023935006 0
723978480126646 34
923257409651107 5
883736740166434 12
657435492568131 1
603150951366239 12
780758356855730 3
896568576811619 49
812130199857797 10
709678470929745 42
1088205951268403 17
809314668132770 19
567497567126361 43
705196329743353 44
683565799166932 31
897531570736792 44
590336336524088 30
792685924165942 5
819813065590147 1
666673933029820 40
732914465267729 1
1108117935954555 21
1086765348173078 23
1049813847229468 36
840748950262048 46
816991949123355 9
1087040549582975 3
906924004740968 35
857253496273409 2
637964670753096 39
684724638537354 31
1107969017464341 8
996230990866846 14
643815494941002 33
982992879414843 6
867631274746437 28
1049125165319588 34
731600366262629 42
869308413445620 43
582415181133217 23
994062059516945 21
1077690700496230 48
681145181378151 41
1045446018626662 24
1093637901246157 32
1122599904865470 0
955513670025603 10
931958642571270 39
1001941700427264 28
706021475465273 0
856164119430661 0
976199183426634 2
687403468047807 34
859167107379514 47
996646265835463 12
695892410624438 18
1031781142560556 29
898858701956892 23
855364276478452 6
636590097603511 48
985186681429399 9
1016520388787257 1
928005705176538 35
911795045475797 31
881388430375301 3
566462711993965 0
1038248066256344 27
736786400725798 47
1114096852373336 33
1086681903190696 3
755912048935584 48
626242335980471 23
630648585685427 48
698846622292009 2
671236453427306 35
816964966475514 20
764808631562680 13
1110797262385585 8
681061602899088 8
950334966793594 22
939946683833791 3
691098612701574 6
831902722531633 36
1025774846730663 36
1050715522808449 46
579841370682328 47
841182226937441 16
912426594940100 14
935946249207802 47
639710963956296 25
727400802672197 18
1046033504715658 3
1052736657083185 23
936765678792179 9
740085089389979 8
900767702799431 11
1063822505264443 35
921646501477401 9
953387845729156 48
908377680441106 5
795589796683543 12
1080306417268554 3
932711295556832 34
569896671932030 46
936921224869397 18
1104403624500235 46
839841459382120 10
893690150966662 12
890573739327016 41
876785074024418 12
928128249907813 8
579304725169119 35
692556072942480 37
953006573071419 6
761821700850785 6
925767281581691 5
877678298291271 35
911830064185262 16
1051674991948287 20
1087368987507813 35
832191983005845 37
657981261303575 7
967880571535468 5
566632155728326 0
1028301601339823 6
726884536170799 29
662035937552563 36
684052594264633 39
931061019605510 27
888026389039552 6
687572600358714 23
919181975429511 15
681876596993493 33
1076067438985662 6
604474125565609 35
1102599427032272 47
836966907473995 13
954258363547301 27
830646094876200 44
689139398207385 23
898684534473425 6
706977459020174 10
765073858165501 25
684989054852556 3
876967384528314 1
740302340834611 5
765487042247650 13
612106796992375 31
926067229748281 4
828957320127763 29
782510788510655 43
727206340031104 5
702052775693856 30
675700421050175 11
906671664814176 7
939205863619439 34
723639042273526 20
992309467728233 11
604686240449326 9
656892958926542 5
997843814263905 41
781830904053907 35
745455920514221 37
686588925346214 42
851832618996862 14
871724161828076 1
713101812441582 22
924342295881684 38
640637047075823 48
774947472627889 19
683640890848409 0
729665237676887 29
986924964391045 32
1117388412050697 1
619204150074577 44
727656993812116 16
989890731973766 38
902410729198275 4
989598789289794 22
612014234537546 48
623652736300278 42
976819125084676 30
767958598882161 6
1005926213344402 0
910727573487475 6
713356671519552 15
650836424680996 35
831518973314650 15
1006983108153571 46
814836361533762 6
1086699984907178 9
1032582765565454 18
871141363963484 10
736901218373311 0
1043441947084054 1
954931871302311 22
783761452587954 5
1034997807093326 12
1032423143853251 24
904596687032149 8
608602369465404 9
1068759539454226 27
945754520418387 4
1107098620198835 25
1088237759513262 37
684973774602905 18
866620574073790 3
772722264841306 48
1044381724578331 39
838446768844675 7
579274982299798 5
657928411426192 7
672468193731533 7
647286536657859 10
882670185060664 43
1013267534132104 16
661632763732401 9
1074230391807199 20
754961752135632 30
990806509192929 6
836916364208973 4
740097241595874 18
900317645832128 45
816085422603898 3
934831608723693 31
883304709015988 6
584112716643323 9
815979715332937 1
1031138969976445 2
1040784447649558 13
1044275869157513 6
1040228405183761 12
739024911057443 2
689991183193810 1
810089083564076 17
1122112400391577 30
793593535242954 13
708020451543389 1
860838664289011 36
980646367230240 4
804255144758618 8
674277593457672 6
905534850318025 33
794117265802183 1
734991247054068 6
913595705546616 11
990738309202495 0
664869866187400 20
1120642673612772 8
695892138072237 0
1116269508924053 19
805750820261009 47
953776752210168 15
1124021076614485 11
915656108270445 5
800823296439706 2
576390163521618 27
913582233818978 2
894265878712059 41
888653962701895 5
613519582289935 32
1106113582922828 47
795827887232026 3
1049597815721743 28
790538424098157 22
695727697488423 43
616875209222841 10
822091367233573 23
936157006348003 30
1073732212583213 19
792593861695958 11
968151130958554 0
697437044260788 43
927084306700206 40
804840613116640 3
612947015484738 29
787140422619847 6
1118928321819096 38
720639961256024 12
845000133156041 34
965721627368854 7
765120209256069 2
924169742354129 15
1055444457510368 8
858560820097426 41
1045512544151029 14
653569389990782 19
596167599618965 18
977679409367912 43
866087363839613 38
982421835763864 13
1039608813546948 37
959501861876859 26
1108039139489270 13
753105238151408 2
802763059495146 41
682462950320334 40
863868689527922 5
975698090063838 27
633501996645332 8
785177704803083 2
984589056814969 10
892185903461363 25
870400525294212 34
608351414590983 1
924264274227285 29
859894751903818 33
702308319708436 5
649428685408253 6
681051040781760 7
1121332623127728 5
922503841735266 46
828368560528492 23
789027335788817 23
930950888836879 39
601141521875676 45
1041982080888494 7
740899361197254 2
715552358060791 24
1085456856710589 5
788560332060165 31
1014504035947969 45
845045437965822 40
666836840035267 31
779752516131949 21
665961078117684 24
791328768076626 11
728613166134313 22
849853708437761 48
841330414989126 10
901395530579284 43
918426260927666 20
1123276780938707 6
743497425966386 2
929727823324133 26
867138347723308 11
630773186137206 37
620916641276194 26
1099915297497126 3
815361282692364 4
651682432017637 24
724409432584667 37
1022082988172658 2
1099157666761759 31
1004900225516735 12
773998365277256 1
865808251623961 21
672359952088800 22
1034283441832379 14
945425831021787 11
1078422311367554 48
633251356614691 11
586762987603537 25
1004123217668657 21
714345251264465 37
1123997892458905 27
588293977273319 35
1091979434414437 8
714782849334651 2
650833189808016 8
1005385865410276 20
996378408983139 38
733959039211062 26
1033025596867475 6
963154389956552 42
797874175613861 42
717106557825340 39
1002426879865356 43
1107068481269063 25
890047143929927 38
705254643310477 6
1095887826238623 17
757381521127328 1
613752573947206 2
621551900421749 12
723858903107151 1
1022657351887160 19
645962885681911 8
577448474157054 17
1125386460520772 25
734895018874114 9
971415384756661 6
1023950377711827 21
945250143079982 30
1064971582594338 47
627516482532443 0
692015975157236 31
856085280891993 7
687144528303094 8
905839456504906 12
757858332749254 17
571031500211567 10
826526631013520 24
864186698465470 6
975955227819400 32
843388871723584 21
992126553695724 24
998165311400546 36
626387591483756 41
875722156819608 26
968703246521014 17
737517044153279 26
983126613391584 11
870335348410076 48
1103015569569626 35
789047934229292 3
624948027735265 12
594780268569241 28
638823863901542 30
993339345091388 36
1105099981906459 43
636984428938510 48
659106150231965 7
730392131829417 44
844226788071189 12
766469990928931 6
715496882489685 28
691517742187672 6
909630681019988 11
838585439366220 1
636495191246706 6
817739070420260 13
1082365023995864 29
725171091001593 0
1019752262980980 4
955781324344447 31
565891722052550 27
898871723503274 45
937520303208238 5
774399747692571 5
576649305260979 14
1033888314079631 48
711157648921558 43
589527265649938 5
1059040644188172 9
776959422916450 1
715605808284292 19
783446053760366 45
1010680651032033 0
945951273617614 39
723852166911838 2
769865361420811 6
752358392165928 38
973988110129062 3
679444682953840 26
647424711873857 0
959826867555416 27
639420228596672 3
1034455620754983 40
738412180721232 8
667590462035636 7
757724265258336 42
913872547230388 39
868336867093209 25
974572544217288 44
1053904238148240 9
962081435713901 13
752770317068808 4
920690727784294 41
840757822821661 38
563716156214505 46
934561414893702 6
1007588710516744 3
575415787978769 48
573939288704103 1
1097452157439001 2
1061376325034457 43
1054331195881037 48
741480626884621 19
1009292811560514 2
693076602202181 41
888435436555960 28
792417951896655 36
1105210956746160 35
941088101096513 14
842806443564681 43
780301378319399 49
734359623432857 4
843451234833649 6
848614660513226 33
808925278416017 15
1080569719544380 5
634023365298548 6
709101271543452 21
710856182328915 6
1125697972559128 18
697669469410891 19
790566250322716 49
941800386206436 4
909910403676657 27
688460171618410 12
690508732698994 12
1063942282792536 48
1033025083693379 8
914165142974720 49
677704706668460 24
821694545219505 30
978343007973564 19
1117981488191026 34
633591087612712 4
1068127532176289 27
571573062142165 5
1036703863662898 13
572868982535920 31
641128216461342 23
727403132323665 10
594175396503535 25
851700395258871 7
588804910821934 18
651487334243272 26
704332384910062 8
573448589527711 24
1019905020305314 48
844966018869158 38
926025722815835 40
674205372575887 21
1015059053122778 26
1013305708915829 26
1073640566421726 39
1122333162182235 10
694922570522595 9
799079230214668 10
1055390585720550 4
654763031482173 19
795084159837971 7
894038177117624 12
964256470323384 4
677330908467316 3
889572432246366 30
787350996816823 2
809029776743791 4
1115846056099557 31
612854650852571 35
819720649509100 39
978141220989895 36
584489956218542 19
604048449511427 8
589263512294255 24
579923221742643 9
586255011199657 49
637392436460712 45
898454604083519 1
1007793450762364 15
641950241585098 0
798506857577429 0
612492153601197 5
843413616332900 27
730357617234631 46
733316191470469 1
787657850423698 1
935466509086959 3
932106174981170 15
570684092587572 0
1105437667921258 45
918520021081226 49
713778549190919 27
695839478061195 28
801499181394423 41
581153448329414 28
917837483487757 15
911183533829972 32
940763101859421 34
905765631619231 24
575771107032264 7
856185852574087 47
704776058222988 2
784357768332234 14
963244432056985 11
566948273094687 36
951122949310825 20
907308024986255 1
886667965450368 14
995288563365744 26
771439519539498 10
1096451345507661 0
1019014163652753 40
901712491118962 1
785740489352582 2
958797291961734 41
1008824805539900 23
633546360327677 6
802521300800313 36
1034500298673928 7
961602965029122 6
962955684180598 12
920575609269082 6
642348226687278 34
696911118345848 46
951748910849664 3
1058707517152415 0
953422995555608 23
683777586866631 9
703459635489680 40
885863730829655 43
780466528537810 46
976066506902108 34
938654735385302 22
971091001703058 0
1077764384260948 0
1115570729345695 36
695692752692248 5
630635872688638 0
946057078383890 46
771477505050682 10
787267143760394 27
1108784689299668 5
994524202485515 48
1051050059677581 7
774739187020256 46
892406024676029 15
949201205646717 13
978938769134281 12
609213382485258 47
952426768331656 36
1033036459095800 31
773714893964534 20
711547740326460 6
732351238716780 0
1029308382030424 2
985936860576141 6
869624768128636 5
1058849503303614 23
602292867467752 11
931975741611941 12
852577097039101 19
684184513823333 44
635603651010917 48
623082355367526 7
787315621871002 16
997849163949407 20
646249708790644 9
758687752621246 2
641748388035249 26
812302716933328 35
1123323345052511 18
970478165578272 19
992241480294566 48
706690617505029 7
906482397682873 35
919071466067767 19
599594961549319 37
1091080348960379 13
628379771751062 0
1013703970758040 9
1103284917612631 7
999042138078216 20
981803389310460 3
1039801477177944 38
806389600315682 32
756061885965425 11
1022458229794253 33
609231722271436 12
976335653591632 39
821671994976436 14
1098535378943138 13
701635341587066 43
975364497399891 4
645351251169574 40
811537063225671 10
1077679290900182 45
590859768817026 9
815924107507826 30
1060313951086561 6
912082846025440 33
743363778860137 18
609512046886114 42
608272309316282 39
696742145620925 30
1092340398256148 24
619501440119148 4
802508751408420 3
1063115503665529 37
589433514324899 15
953456971497667 17
942853314074489 15
748152777019034 21
951068697008934 36
795327058411737 43
667668446270444 42
596631715597027 10
587546778546413 15
940206044290176 27
1036619054862098 23
748835364516975 28
727208086437258 7
633499565285138 3
1114671708323787 38
854935343553265 11
926158745414123 17
841075429219028 25
565397550231369 5
1077606073597366 9
704529026497361 42
1122589786423825 27
786582046358943 26
573479937527718 8
859450341022990 7
845507728649247 44
695411501230352 37
746311598808715 26
972086073363647 35
722752909809399 21
794566697869382 25
844730084132424 18
1047039793391523 12
730479123897014 12
568775167699183 8
563554468947700 13
789852957742090 4
1111103406240461 7
913013745385317 9
798561027767315 21
655560450993310 26
1098649614686200 12
799614117083133 20
853318866185374 6
972066288164338 26
620198973549183 9
908251184855535 11
652084193867175 11
586519894070687 2
640031942706441 0
965401531104611 34
692997686783267 11
999860524633626 44
871756545231331 25
893431851947179 2
1041891941699131 14
917677609375837 38
994200464442840 4
1079597495399171 35
681452309009834 9
890170499728553 4
1064601594884414 16
754870291958713 9
1091867122268460 10
1076401034578815 12
739242104299736 8
635318717297331 10
708851085773427 30
917177553321891 14
697168452008076 23
774992903877870 45
980158206915192 7
810950016491153 1
747089123862911 30
851611536014397 11
1007961597738651 16
623473531049731 7
956733548255129 18
1051365523652493 16
812420618818616 19
630127138847134 43
656179034453887 5
782451885799170 2
656137630706232 42
925785007191929 21
1024792774605211 42
1097449984275620 8
577035245013288 10
1065532374442392 27
680725488056393 17
985394776063215 47
934157614051982 41
790409494080611 23
827953538978526 0
1006377934264855 6
1096665870261721 6
591775016353686 0
700587971312716 5
826768520015670 45
1014665167103486 11
1056680711462487 40
987791530182329 26
918595218604326 2
932627827491849 38
1044762983879062 20
1036196661886215 22
1087856509153252 9
569881988596472 6
615906480171106 35
602289999195095 25
613725706147833 29
817328391304530 10
1026014771993675 40
1058752062848214 5
719200586423887 7
946819086032643 27
984802962049742 12
1091866494616723 16
928084638829685 11
928020033651751 30
1002366377192994 5
815824887565594 13
787869441892093 36
963597646866608 9
781491883380490 6
673686917501152 8
848371356134765 27
903064527164350 42
698268967691397 0
856684334349083 2
1077848882399852 16
777763339529480 32
1046483744269583 4
567758131754767 2
919237977259505 8
964614108373364 42
654512059968778 35
1041050416832460 3
989181415348462 21
1090169006538439 6
659790638112607 2
894153635766380 25
569492431789391 24
728906849059786 47
798550894095636 42
888377778557520 49
917936916382843 38
1025927702649722 12
698393980696437 17
989374699425393 7
1084749354351872 43
1102178916910320 29
884733411545881 33
564209756489951 27
887975294166051 10
926432901738567 6
674441597038907 1
724225306582295 22
687303867849885 20
580590650722454 44
896048710882691 0
1068876389795699 17
1121694861326229 7
645529278426625 7
901927231785193 42
936974660542087 0
768864623766170 9
813976018665074 24
692768970476530 36
932357656680284 19
1118012427121617 9
715904129118667 4
753127913460584 48
630242951478310 0
746694563067734 29
909600787741864 7
873726600519759 43
771731629139608 16
895021867181319 3
731981106193764 29
1083764723244547 10
1035969572950216 38
623425251253959 11
1032808380170000 49
568252430683631 7
983632880343453 29
797861420885046 42
808363603288049 20
970305394403092 22
1083727007956871 23
595354928786384 0
565823776928255 0
567072760497592 45
851186518478316 31
845949616386566 30
1011662223080906 9
956419464265213 13
632318242284152 28
1096665386221316 32
929063109976345 36
881824725047059 29
911282367743892 29
954148843356929 37
1041956862286765 14
836054793352582 0
795473125395538 22
593045402415472 12
909556198825025 2
582380407516688 9
731261345089410 25
916783318772752 2
855520701374295 21
1086555578734715 11
790742128623548 38
809656503665304 12
649845407246008 2
704293270278149 6
838738173695051 13
828806496921838 46
1098336758611309 4
935272072822057 40
1094927707582144 37
1066905602318296 30
960384813174278 48
944534269821085 33
1043198949446344 4
1034826322307319 4
1004560614537767 17
1095101721127182 4
928425297431737 3
1119327842433489 36
630632012912682 11
705465631236625 16
1115141700102052 44
1092278059411839 33
657552974510123 12
980861821235928 16
1058283923995809 3
1084172182252413 5
1040076905042497 29
908923655435269 48
1112091722677965 5
1017001991743385 34
717373535864481 36
1058121944610192 32
815005676121504 4
578941981568307 9
686663876520594 26
765745316515139 31
1056007160611155 19
892887352565236 4
642488005133639 9
659330036561025 7
851089439622984 8
1047117502114978 22
1052156978850493 6
950330144918861 12
1070581986047539 19
697162311751238 22
1023783245685548 48
911117939704903 39
740198435233476 40
653963273529739 43
613563486967914 48
877881014422401 35
945842837440018 24
934788648357983 12
861207843566157 49
569355352517131 24
1125887003610627 48
596577059038668 42
581436287253698 0
1115490465430098 0
574253944888805 29
611365175485394 9
772707721250875 36
1033229770811094 26
743087565368734 5
633804185800183 16
860192284742800 16
897976341548471 20
1071945276995605 26
1062756745333739 3
825728168176013 2
1046703138443662 41
600160351658487 36
691716655005336 3
889251987174602 27
1115016882599143 34
941265864976265 49
691364256235594 13
1084095174396854 23
924993559983863 10
570991559795672 8
704999163048146 3
921870765621485 0
826777383919628 12
776577635687353 20
1027836006012755 24
603657006485140 7
1101924743017428 1
906560596929679 12
648771796723713 26
647170507598428 22
704252193626983 12
861257492117671 21
1101573564133990 35
811638707825856 29
704277740151299 19
1121057379792209 24
1118592325955726 31
631499578954173 28
980370792776232 25
726175014750569 27
652626503491194 10
1022169685575552 49
752959190629928 11
996683714414938 5
1117414541139729 35
1106912958811388 3
1084371377073126 2
799523736553367 34
840181340972693 5
737298462908634 22
1067416018591816 9
1010523362640409 1
1076859337655680 37
730216288028268 21
775835998830721 6
1110958059023820 11
611219753668665 5
1065895641435182 34
957044595801709 38
745616343983204 44
822073294144255 37
586500187120441 3
666107101744862 8
1034224740142879 18
913631633071298 5
652326712384348 4
669906315490598 13
710033643896175 20
894096267012497 12
998891207434517 2
979724754426805 1
1084646566738209 1
1027640093226324 25
654692901262407 0
905587532054151 47
964454127881751 10
720751703782329 33
585028009223387 30
986242585615991 17
993587825883610 30
809062945266113 35
712631718086740 11
1069651387733244 15
989769826110134 11
782718717471450 9
635620849403288 23
685789825862388 7
1024136156872413 3
655948019828126 49
872610012658983 4
819418973928458 47
749836903462281 12
1016275069955542 10
1013551481960741 0
778861166991184 4
1015593378424397 4
1125589032845666 4
652734309397434 0
594994910301663 49
653705670058343 25
804498452102711 1
708744882383185 38
1047503314232942 26
956091297547913 41
1023476351025220 40
686058342269089 10
860211321321788 0
629045027453519 38
591008966203642 13
1084264654512699 11
606183494213592 47
1108603757765829 33
948287597149755 33
786892107191808 37
650501281304610 23
1000176417868037 24
827095644530357 18
844688294362215 27
698582229354199 46
1093264180743893 44
708205392202829 48
659179188065692 7
776998987916377 8
1030057297200846 47
1047782472318373 32
656169688227488 0
976868200862517 24
1072312917463015 43
996243284024343 26
1055767202578175 42
615414924637087 40
1014164060913154 13
944223058921213 40
1098647999722938 44
938714455582445 44
1064372582368236 10
879429183202873 4
741659636355988 15
895866313675309 11
1016621493036030 1
580537126229864 27
987162954811854 0
1016022384032945 15
920410275684609 1
987682176203278 49
780524392634436 40
766548637357784 5
721863639929004 14
1058806726554016 19
1026565466188395 13
973483608429586 43
824895325678080 5
939574017023961 34
807433565712875 2
1049842713512182 7
750724820809651 26
1108647365392526 24
675973443765488 24
740483646566586 13
756993505501465 35
987008108919124 0
871522413967283 18
1061535885096156 21
1075767483453192 0
1072795995819345 43
573196820093439 27
581907653556976 16
817800652848406 8
752024966084426 22
1011880079948835 5
730995109861518 24
659887150079581 41
810022415234089 23
802839446073524 13
914900798582890 36
596212912986031 7
665435827015080 8
879661117750152 45
999808236719868 32
771664494414524 0
805086959968785 3
846537438631970 9
1055902823079202 39
853129738471177 31
1099858146167331 4
935082046411752 41
861744005528809 30
630870432551238 7
975520362316695 47
837678184595766 20
586661313332380 3
825426146187336 12
1032822504543351 11
940993604675767 8
641392901998412 43
742982749539296 25
940527559992380 39
808319299910913 13
815261622959348 37
764080646859986 15
705267041315272 8
630449831762432 19
756361354430424 36
1073749562968648 4
868049547353185 20
872951844353296 34
771337399614859 6
845692056080297 2
742801225242537 3
862003648398501 37
1104772327327981 39
830522783318490 28
612965865165453 3
758012208170311 3
608509249080362 33
1042130058851327 5
1016995814790634 17
716688840447757 36
662204445069086 45
592901116614149 14
923854963764122 44
616356159469691 24
734899030950914 15
952870126531030 16
958166212567317 4
625880774206267 34
1105412773174052 36
921220075553585 13
665966695300105 41
617981009742507 12
1051700782197456 41
738389680144753 23
629422741742143 22
1113956030889272 17
1059028420778954 37
975314849727897 0
786363379903385 45
989628650782104 12
833358605068562 36
911671411206600 34
604852969636778 1
618947549782617 26
663297247378496 14
1046262914264411 43
734986538025683 13
941781208579623 37
1082410230940440 17
826123201401427 42
1095803456785487 23
1051012122549163 3
1083862479968226 10
581302358470851 40
1110559032379692 11
879721185432263 45
1029961292226904 32
708211443166178 3
927204799741759 1
650188221500326 2
1082107548164427 11
769533052614024 16
742771343847668 26
704909829770432 11
769234729406283 36
600872299737160 49
792030259512967 43
929298783624430 48
629960079406939 11
780979477985681 10
1116846313196845 48
940320018579496 7
1028631016429773 38
733336508779553 11
1032212175709194 2
988961767593399 3
928511914751872 14
660187559263082 1
1003557110952965 4
785178836916208 4
587908303394487 10
801714676048351 16
704591889497443 21
648796036360479 12
1028073659980120 7
751320513872517 16
691677917970313 9
656732616029486 41
573178311937062 31
1111920680581384 44
942803368516305 2
975339661098387 14
617463599121560 12
973149230853878 7
690883087242448 10
858839649577644 7
1026553584529082 18
889448781142070 16
910034827680718 46
1033209682560261 9
836656625606330 13
632930757036085 0
1125045111257267 24
994398631759700 32
643632283587767 27
667510427958345 41
1025528751175349 9
1102156202389912 5
1117387324605151 36
753442157795879 2
1108902399950802 23
730685675361283 5
682785560677579 43
646785952094950 10
782834475094958 17
566837791000321 9
648766025036536 2
605393495625578 9
756385580832380 19
955110584271591 14
580866213712877 32
726173891977768 21
661157157057978 9
604890078021305 8
796261946398222 3
791676572704692 4
996345334084531 31
1001891616297051 2
1078143019103896 13
713946355626786 16
698618137571227 28
695407479601879 9
916575543379013 43
1102948624603317 29
870415283636581 7
783322446475000 22
737280755542862 36
597453109586073 11
645396813649135 1
821105010929940 6
1114469978453498 22
1120993999519691 8
858258703051425 9
1005205893311050 6
1012146486189356 4
824985360946965 19
677415375712957 4
1066296193224025 11
931129961572357 38
595824644590216 1
1085142721883979 15
568967166780763 43
1040367376969218 7
1054530261309218 25
788569901292871 36
585577541777639 9
837767681240079 7
845652850586564 7
599232560206751 31
592435166444552 18
925627287711778 4
913595586254462 2
911459326921695 36
634574929287398 5
831829671815301 2
1084758099903175 33
1121731906465934 3
655844789907406 46
985565468555504 27
821826396201069 41
1001237728366110 16
1100289276355817 40
594573635174541 2
983909536362955 21
1120093643043001 10
748462825273988 4
1080764650304993 3
898210608646532 27
607390514716840 42
1069145625422797 49
568825880197386 3
704849363517649 11
1005636043527325 9
905678259313462 2
874636448620131 0
1125708909883040 46
571713300138603 3
775203425587950 9
687910088619165 13
1086119942482323 48
766377566875436 30
1031650687496973 6
938932153906669 34
796682180575947 4
1072612244927999 9
660085188862346 4
929800356646181 14
896937971276047 7
685220673995504 41
582380516184571 31
668011855565365 12
923775652756329 0
966901573610902 46
716055203166198 4
897522052998700 35
866080069192439 3
1090459999587952 10
1058988693316764 49
854466404713015 28
780319508579774 14
890578833357471 44
916504329758681 31
976454057218131 11
646524175229684 4
1109702288188779 1
832552537034364 36
630224531145621 44
1105461482919118 10
1092159124434185 10
651229206511764 31
804434161924753 28
843405741434782 2
853057390701364 9
1080553118883256 6
939791441374341 13
987972321051163 17
796040795912407 12
967409344301227 4
802181740182254 6
604100952478337 47
856524895215921 46
689972702326437 33
1122019456012615 28
701669484965813 17
896928468151134 13
766823488604843 44
788504035159298 33
709480787902620 43
1029403819213644 28
839363545073656 19
894181560857821 2
569150594848186 42
887661072102513 43
688209548136953 46
1000688110911845 35
705206193221183 16
905299030907619 19
824194513285531 26
1073958970803582 12
1003530882296101 44
995221813207618 30
923107698471308 13
964522374995413 44
1095795078500622 10
730990837041019 14
627795293686302 36
577149391175171 5
702734944507279 16
892985080429003 6
1035490669917291 1
860934740630210 19
1015372996809404 26
811558515227461 23
753797178697861 18
798563403990589 6
1050327386036040 4
1099157822146561 32
758741793236342 21
881487061925768 20
1124166141552299 6
1038035249221688 10
781172480043470 21
1037599166649597 13
786442675183333 6
619120694207257 33
979793362825698 37
611160673475452 29
1099612951426175 6
988635124377942 8
788842813973368 2
653837062793023 33
808833358187304 9
1119307462956475 8
1022561769310050 5
1050494943166110 24
654600807422304 17
1016235016899160 36
564074747418088 9
572312539207849 23
847048937484765 43
1030158779832528 4
770406482031836 44
579429274788244 35
745465382474102 18
965509975633619 47
1037807896929140 26
1074424411392629 11
992857347548195 35
834073581638480 2
1054176952664636 32
1103827917701438 21
595350314529494 39
1083578570567844 13
993668785635954 42
583816063503960 42
914672630797856 35
692320787305030 44
648106955975089 46
763904981077761 3
576088486167271 33
869855877053473 0
721499026758279 1
972051292961801 23
1067811291387430 13
715116132847080 16
1056764992199278 27
576534259309479 42
1043113746929412 5
674712186775393 1
592778325278506 11
1033877210591356 4
700286836361938 31
834878109145971 28
658390198481587 41
857838415499108 43
738227377316054 37
929966906867879 8
684514142323460 7
1006640049452782 29
573990860850069 13
796256722476595 13
564871036579015 25
912941741020776 3
610239726862002 38
724201539096247 17
861181534843307 47
684716562744413 0
875014318211778 11
679273163154662 45
673563245596702 23
704087958431240 34
564332626700269 7
1037426959289494 9
946985668663004 28
707680279822078 22
668877687835647 11
595069255738197 30
1046860478797255 14
1037878988874602 24
1069756871890174 44
590409496469781 28
747082050624563 27
923877676139485 37
705382090698192 10
647301503689444 11
1068925903197430 1
1083407231697205 2
630633173013210 1
653116457054487 48
1113087061946382 2
873148444229027 4
748477152342143 48
774503789893489 0
1089417298868793 9
716951260782275 14
831051697424603 19
926255930946163 34
706969801513476 14
639539257468997 28
1083687853150362 28
589616729096368 25
768851972014508 18
729943201304518 19
962526495610927 48
957534112322537 12
967677714144056 45
647686781816329 3
980945854328548 0
968789494653683 9
970156653062711 3
1090092747159641 15
939598454727564 15
852097499702662 29
1124731657632351 13
1067610447766307 21
811534223256406 5
934508899544323 12
848632643394994 34
596436084741646 26
608910029520312 47
943119478565740 42
1055636023797058 42
566612804396516 12
968150861919377 47
1075566117933942 10
984356473673598 48
699405767369543 4
780367963976984 45
796248884276193 32
900735723709215 30
618339562328622 15
664381936054516 42
1075795370689709 28
696886880839901 11
988650875748108 5
640474637791827 34
1030721650726934 16
997381990231330 48
826770262951861 32
724186149702169 44
860781932239711 6
620975282706472 10
1024682721126428 13
845107677390787 39
906409888622081 17
1107153357612009 6
714876313221944 16
702651048824699 47
1070218551877733 1
976233700752811 38
762120955127531 17
1016072470519616 0
700663121760337 46
823938345222847 1
863467690699694 31
800969775503507 28
1096848684269346 32
827690187959996 18
566436095473369 22
861339859831672 13
627340444006462 48
802319263916803 5
821873363148080 20
712966422383256 3
822443162618562 45
809200894344547 29
948331768814532 7
1112651043840492 15
765023859725260 37
692539645336562 1
612792154868746 0
854034385283510 29
939890176283951 47
1119632538357915 13
919285990184390 31
932496864487990 15
1029292391442873 40
1018410941058236 9
741126741992236 32
926199280609654 3
998468628669283 13
1034431966142222 18
1033563289833919 3
977696256810813 11
571509977209654 28
747592434903199 2
953544729297417 0
656078356743073 11
818312214478225 10
949268687348682 0
920141254461961 38
601597177837175 29
705004050686497 43
1060003625086582 30
596451673015935 1
933231736436939 3
830730302223422 42
819617503410770 36
812949904885608 18
573973373460822 11
624816111728988 26
850999950085867 35
752635017502821 42
1021837148291436 2
894101824501303 38
891960185826583 34
1047272481330962 12
1095385076507795 43
752875376089972 31
735147196540489 29
681502494289113 10
1122729954124319 39
855544633622049 47
1024218252683044 21
968618590443370 16
690084134121689 32
775023082971841 11
679856479131791 11
815225170393183 32
629876632422767 29
850748535795942 4
1101948447532956 19
769391067623884 16
1017033201516575 9
1079132231408806 19
959905114984518 20
1022119306645373 41
1043414371457365 32
1101895586759004 0
894615212641109 3
1080114029589629 21
957166798101153 46
940666369921178 47
900809215269445 4
763810302670420 6
700729124405828 1
1061524235358170 36
896866722807451 8
747020078007453 7
736600794320457 27
581007880262193 12
1017887780362834 45
997363917338740 0
563211153531244 1
942645311047575 11
781283141971714 18
1022999856909492 38
756269679153919 12
567569655346228 3
711794470608472 45
695573354611417 26
991420004902796 10
618135352225299 14
725388606186170 2
888864850338100 1
1103111187992108 46
754584239511960 17
1100289876256673 12
981826739872473 12
901786879142271 2
1119473486689236 1
697450392449241 31
945463936028939 9
567772640978795 10
835662836346831 12
763887551732549 3
819808395482479 6
613858937806692 0
577039943866445 27
665242805400467 47
957976360303902 16
890605541517352 39
941696631723218 13
948955870522565 45
583151753333546 14
572065328808699 7
1064095177727391 10
1075652786697022 26
571492157300294 11
962390733156281 0
607591900383705 5
983792246013821 18
650982194455989 3
1070218189124004 8
1007327229254564 17
1069087968179886 10
782319512737324 11
979290488610091 16
944326174825117 46
835545206812004 0
926144140459176 13
617959939109401 22
893449655188580 6
1030476384033608 38
760995900359707 5
585136452874180 26
686670546407328 8
1043031980579658 47
951504170051634 13
665099299668429 7
619590234967781 0
1053572489303239 2
994229298174882 31
966047961122563 9
769026520619209 21
624932173612164 7
913082673834174 8
1095294475393421 18
1060778275203068 28
906013365533342 49
616427478034342 41
886931964304024 17
1044684762029161 13
735031834866114 31
851920780034978 27
627886094150847 19
929784380046218 48
871236155414138 7
649665868511539 49
568348009872030 10
704138168647006 13
763578153427056 37
963291352257918 22
790638751990390 37
1018138575909719 0
897986448047410 2
806732115689006 16
800254011877396 1
942928897178102 37
1109864930097636 6
1083104709159894 34
705374475119393 1
1078854826838882 37
905201729263947 28
955290071883974 8
945158816636244 15
921803235064769 17
800157064026944 5
643073465921565 41
1124584256946570 47
990603913274979 36
699438293087181 19
628034885213488 21
794693669776913 15
1102848969396088 3
672463981140165 17
1103796681690907 40
1039516749666696 13
883824849723364 38
933675727025670 29
617420552368145 4
706742244802078 2
852060471837361 36
827290543577336 13
733769499791496 12
760715448433270 32
758609057668112 22
826356414289031 32
1019987468131512 40
1056806631271928 10
820389182411755 11
864131009158627 32
917464214176559 18
897659263518561 23
915245851490356 21
707762539286905 21
907526915297008 42
736535466279899 31
757809263523909 48
748005161096262 9
1074684606315258 8
866333085270663 0
1096748431100298 2
861330950588938 49
916411029375245 12
704599323936738 1
861752355404001 6
918600868530828 38
850439214440129 33
796109006089611 1
710420079807177 18
845264030978196 7
750827097924502 30
634248781431164 22
1113859441758403 5
926217435235031 6
647263925365927 49
650045986612097 4
1061858780181399 2
760315046783683 37
697266046132378 8
654761247376423 24
953189189485236 11
675445125868904 7
937426122828927 25
695535775755700 38
664997976373194 43
1002614943525082 47
917852492380551 11
762672733421890 27
952071815697776 11
672923423357521 40
666842616676459 45
729811191365569 7
578568815400747 1
882802295501020 3
1105800841976626 7
586535535731827 7
872975727084332 8
871365435595546 6
926954754843825 22
668391758478199 0
690355909114130 19
942209033029171 14
862666866079828 48
1010856468191203 20
768124218568771 19
801395483737822 0
681861074679946 18
571129572907149 21
811476190513694 32
1120303328447523 1
1124050634274714 40
923922892418386 30
572857910193032 10
774209641663740 18
723203294665304 8
1079550544875557 23
1038687253329116 46
753652262715165 30
954236242954034 20
1108202080096446 27
878159719731599 31
932882518041694 17
691135635257982 3
652870397196199 7
935348882102548 33
835073414244034 6
1044194787527769 0
702369964169527 10
878007380781819 21
1116739782668031 38
1010160934897892 31
658423812622946 31
1057048368568356 31
638912395644976 17
822281219340883 3
779705408340988 40
680110820017292 5
1023040559328042 43
827159812278728 34
1089177801194781 1
1103218722269072 27
969210678408664 37
577353769949409 8
974955609515526 7
615015026790029 8
795366187296156 12
919088565890926 36
622040753625702 35
568764806061487 43
882678878050312 8
793992009131791 32
1058512953943988 13
826156159354836 9
1027579590951293 30
779271586057943 10
1031800985129555 4
1075820367943471 5
888080198299369 7
911468871357432 5
1105760965864977 48
583410142467953 8
779541936313578 48
788693898339972 12
701587926473740 16
628588190934716 32
588422360435846 11
942664075803604 10
964629661543692 17
672551178206925 23
718196971377267 29
1059966462605047 36
573593900843847 35
793805938768662 1
747614016781108 23
981944696616050 5
842460271803795 37
1072287502597312 5
741607816278477 21
1108854737149305 26
720792759893906 36
890848524012135 14
727217120469610 0
643428291262700 6
858242404104788 42
753902922961144 13
745004513020836 42
829025278540361 8
892567479516948 33
659725485530249 13
682832282993113 27
666656382497084 13
1004558954370480 17
945042610228642 13
586145581540925 28
1052834474388554 15
756177554334237 44
892326175948980 10
931902694482003 20
897540931233539 42
906364234945307 15
818414410959925 8
623252307067487 48
993521320645836 24
838779608236210 28
915041201821096 36
710973290193378 34
1028310761747877 34
901809736289766 14
615541462100194 19
692055309816241 2
1058979319621384 33
1001949005215472 41
659517477965386 11
1072355735033357 25
920785113393284 29
763884569935683 40
778763997798123 8
792308648108414 39
965132368723822 1
762426132734188 33
1116117828749153 9
950074609055017 37
664065840121605 8
941237930771707 34
1035568074096372 21
1083865093549725 25
904152823603156 1
984243129016938 12
1045923608008147 10
844463314612553 34
686808024810166 2
588967036305938 25
603883711774494 8
906178988001494 40
1029725281367598 34
948575786259098 20
642606579642253 46
839130572502293 37
662880298113185 26
1078116925444720 21
875943433114462 46
1085956409501204 2
966782913479776 41
795528643045300 9
757072698913808 49
949396752459943 21
780197176081333 22
908941620867641 43
735923411342200 6
799982744078146 3
821819877087300 21
812542855989778 7
1101414267397168 1
760587387001397 12
764067067005664 37
613801974393191 45
769058684744338 18
661351873813123 29
795883427021826 1
1038524315044406 22
1024216189275027 16
643907563386400 1
976351210744357 46
752874924901343 13
605989245891379 47
654434008078415 17
651523335253847 3
717389295915220 19
722839119395056 47
669893392830393 0
765647107445460 29
1114129044397576 6
891874721485109 5
907460437340804 10
854276838435667 3
631841522009025 49
670000236143912 18
727044910537165 3
584034257441727 2
996440912729506 6
632733446738422 45
1032460293475967 2
1102383311481540 0
604806679561845 37
611722557084594 15
680963238466504 10
894259514214142 25
922049918090851 0
616239438744014 41
828995920506067 11
848695660765777 49
848051626176629 19
830527963777515 0
973711887687175 21
701200440883107 9
935445768671639 36
633028055837853 8
858276990096168 36
751620756708328 10
1100767259938762 11
987420955538786 1
886356974673321 27
970764950113905 24
911713832447948 17
1001773828615656 29
667519005279837 6
937256255732251 12
1084780848370027 5
810429192600582 13
939793369306598 37
583016284479865 30
1085472060601155 37
1014063046740972 2
627556736017651 41
801223584776319 41
583575409816895 2
942296107793390 45
716602691936980 41
949723737894705 19
809931221729716 32
702859224096660 34
885838131559272 20
775021129168687 16
791265676183309 13
816964269257501 4
889776057601816 20
1079920956007003 43
646133918532502 30
661114600944174 4
897043633454579 41
568083074000903 6
1053237676061059 48
1103942764978790 13
606272231576538 39
837303573035239 44
1087769401370369 13
1123949548415075 17
753565086149853 5
858603474289973 22
791551624946746 48
790347429773673 0
934862510092314 3
1011389233597583 30
797743252495322 13
564528772417727 14
949743936588379 27
925081334219062 19
949469245288789 32
634906657834056 1
1063968796879397 16
736213321337058 13
866523367114458 10
1120908731466441 25
690904524681897 23
989793990295899 29
834526469569303 24
802455534143099 45
621202834848712 6
981346174144264 49
1002439082229924 10
766812838601351 13
1054039982741708 22
626570335558775 47
564313489884578 5
762426904045821 45
647176866307991 28
570345329878108 8
1070544952399352 23
882494885137126 11
917203172893754 31
741306331842617 18
1108005914346666 12
1107562898248874 14
856193643426633 33
923173983882681 40
1025491274737087 3
658578481522778 29
687227861380421 10
780471528075380 42
870716897282263 30
1064559843040384 43
746247154002187 6
659905304946194 4
878655469119856 28
778496687426496 2
983740821725211 5
1107617455240255 5
1028543432492069 6
984123814227507 9
701598604693338 5
672890461852590 6
774768610339860 46
759650677490759 48
1067713833639848 1
570925985099186 9
1006162532218987 0
564428875176495 0
1086250622831785 1
870159916563494 48
1069507911594993 19
594081411128812 11
1040571673140140 22
824141571717558 9
651735167747825 33
1065844225523456 1
913726724704757 4
976763167161335 35
963180102625931 13
673539354468567 43
847857356795617 16
1041803225296426 1
987538556502954 45
977320509247175 33
1028650659114263 4
1052654406120269 6
1045956922597007 23
1121737623440540 31
831989736440818 4
1033711717567814 12
688633546482301 31
842041221068827 47
989291714408785 2
580379616570967 0
1054823048450794 5
781095364120881 38
1052254852510119 13
1030116974349828 9
681979850084542 23
940692988458643 5
573836694037134 43
924278023113799 14
741232649678329 5
1004677232883228 27
1070450831669384 40
946817857438219 0
702827934879931 15
951276810301904 27
893439248645438 40
738438591433930 5
736834015085490 23
1094918915258157 27
654440389299670 38
793110122805830 43
906082851305712 45
948950035504320 4
806117855984323 48
836418374752423 6
806718705247539 13
795519897967806 4
790824552868261 12
848657056336951 9
903235935226979 8
681714042403192 32
843189695520738 7
829626525789899 31
673758483355639 36
758900968979543 6
987751821025130 11
654959096922789 43
915283304856867 23
927024595583197 7
919124379465900 12
875738732682213 49
884367397623501 14
790872579448109 20
823674995073610 37
588091071829311 44
773934845365744 12
724275780923378 6
611963228637900 3
778667844716399 19
764515861612078 42
1043906568254165 2
805656049858577 46
1068934847691600 44
829765584745362 47
1016696851933070 13
992736570862890 26
734212402539959 35
1044695399962005 28
1087191672078126 9
656182332540798 17
753669395664530 6
941255376308822 11
888490883046857 22
594903597392230 2
584608293147464 36
1088244156653314 4
1109472560083781 8
609435391238239 35
850371967728594 36
866024070492099 0
879651483917155 43
763211091411329 0
1026778910497476 33
986214108378559 21
973902452708816 17
930562429293998 9
723607913263072 18
815838543254646 12
997451006665215 20
893339129565636 4
694711895517975 7
803420999122201 23
1063800146627705 24
732542174184344 37
961473546291200 28
713464086767036 4
632185421456096 30
602208182750393 11
1035133398352016 13
810498666221461 22
901811357950980 4
959569745126699 28
654051479866856 6
1083800426873426 36
723461771878545 27
1080274865163467 8
700658684254274 17
608976694130403 26
888174915607083 10
962739162803993 43
892384594128873 7
917260986239343 18
826664850911404 27
998198900198612 17
733692592185795 23
642849739584661 0
624408431016608 38
1116422062112444 24
888796758980312 5
629222809384691 5
810645419300248 42
705291578627769 24
1081578483484707 8
1076166111830869 46
610121558955928 2
687332769402460 0
1071315244807134 21
1021893162609508 19
1076080087028470 44
985501976485088 6
809662872793016 6
1083119320401945 41
1112913762485460 8
1026920508295508 3
647642334789939 12
762148422349334 24
742277048906274 32
808053827643655 31
826241583774486 5
630351712584364 28
846840837063429 2
1009393800629404 5
1022102622615934 45
699639531066273 32
788670603011831 18
681067343610089 12
1074016860587602 7
1052939131071597 33
887205965068292 23
1028429495425502 2
594678645078602 9
563903733614221 2
788026731653041 15
728680396283555 42
584851665210462 7
1113395907943464 33
1081128002692917 10
924095163401484 7
931790904532693 14
729269042207689 43
905151553050031 5
915135921627331 13
967784747194151 12
1075692704757102 26
978118679043094 23
1060580906528297 0
869944405041461 16
586873890166881 3
1096224405227366 32
1039499752285068 1
664165742358474 0
921081023078852 32
843039375548360 10
684400183618229 46
709513425893501 37
901421824362878 19
957617159446212 8
1034416492251827 49
730857802121455 44
1096401810624925 41
578301314195744 7
933852294470639 8
733806292523882 4
831624791507885 1
1122013448821212 6
1116052897784007 38
1124007281852981 42
957033829804774 3
1018763355139458 28
926643388911846 7
680712409712596 7
582361397062134 17
898028857702034 7
671145117570800 34
604509587591232 11
736999164205741 37
834043773941650 41
1066747546123511 32
836891421380558 13
1090510768229686 43
923020664280233 49
905417649642932 35
1029386964355522 2
1005011678959376 26
749117314346889 3
974421756329287 39
672128804976188 27
1123582208389078 4
748598651157602 11
786355244139781 13
997682598553245 19
1086645383691925 30
946335718743994 10
741530669834577 25
613473891308891 37
698981122719169 49
717194457420433 30
898369205407668 10
597787798029043 36

