1
2
10

719934144173333 16
968895365947511 49
786263325701686 1
740793880925701 10
967232151207059 32
990212328530743 1
810940702730685 5
741910566309509 2
679254577440068 12
948450296152330 9
644969271918674 10
698769365166815 2
808424761122705 17
765225338859433 13
636844519685222 3
835268638222728 7
1046235048122305 28
903431251381589 28
603948976424448 8
666746170506401 44
1093358062708839 5
1122549173845213 20
768660639974808 10
783200406302980 27
563824510782465 23
1018270926446562 21
1066310416161189 2
937818790718184 20
730602662723035 12
953590835046713 1
759272161295623 0
923200150967466 12
705534723778526 32
1080879428676238 22
765618034743081 43
671611732212222 13
978293127216427 20
689429206244041 30
897414034431256 24
934218588149051 44
909609604401032 40
1078050732285074 12
661838328032980 43
927838578429625 33
853996330011601 11
690321242847460 18
572367814476624 0
654724182600583 10
679959132288850 45
897084192798486 10
1124845086249423 4
979291717587552 13
635391085551932 17
1105845146850704 39
928820658703962 38
922100484481016 2
660270544998264 36
888167888335464 12
863244429580942 34
787141035577309 12
1100157777510791 41
692909014906158 13
665751412365755 12
581632174057774 28
642305799196108 21
978110001346771 26
882821433739575 2
893786024009713 4
1107534295468510 30
579931120630211 2
805098251761984 42
781644814287067 23
971772816233699 3
696197874550455 8
651856387092963 35
824502040782619 12
637340964134699 10
594722570728925 8
613877685592017 37
779520399761127 19
1039580233960491 31
960050864255567 24
934688072452152 1
952473447693441 17
622774723168061 10
617707804135902 7
678666550325008 24
653926504362890 9
936351387531264 6
1053732655069259 26
758312101874111 30
821041818832376 49
721901005927530 29
1069001875225923 23
643818029483781 2
992262276073943 37
645816710923443 22
1030788632833323 13
815565512844799 24
1071883324111369 6

