1
2
20

719934144173333 16
968895365947511 49
786263325701686 1
740793880925701 10
967232151207059 32
990212328530743 1
810940702730685 5
741910566309509 2
679254577440068 12
948450296152330 9
644969271918674 10
698769365166815 2
808424761122705 17
765225338859433 13
636844519685222 3
835268638222728 7
1046235048122305 28
903431251381589 28
603948976424448 8
666746170506401 44
1093358062708839 5
1122549173845213 20
768660639974808 10
783200406302980 27
563824510782465 23
1018270926446562 21
1066310416161189 2
937818790718184 20
730602662723035 12
953590835046713 1
759272161295623 0
923200150967466 12
705534723778526 32
1080879428676238 22
765618034743081 43
671611732212222 13
978293127216427 20
689429206244041 30
897414034431256 24
934218588149051 44
909609604401032 40
1078050732285074 12
661838328032980 43
927838578429625 33
853996330011601 11
690321242847460 18
572367814476624 0
654724182600583 10
679959132288850 45
897084192798486 10
1124845086249423 4
979291717587552 13
635391085551932 17
1105845146850704 39
928820658703962 38
922100484481016 2
660270544998264 36
888167888335464 12
863244429580942 34
787141035577309 12
1100157777510791 41
692909014906158 13
665751412365755 12
581632174057774 28
642305799196108 21
978110001346771 26
882821433739575 2
893786024009713 4
1107534295468510 30
579931120630211 2
805098251761984 42
781644814287067 23
971772816233699 3
696197874550455 8
651856387092963 35
824502040782619 12
637340964134699 10
594722570728925 8
613877685592017 37
779520399761127 19
1039580233960491 31
960050864255567 24
934688072452152 1
952473447693441 17
622774723168061 10
617707804135902 7
678666550325008 24
653926504362890 9
936351387531264 6
1053732655069259 26
758312101874111 30
821041818832376 49
721901005927530 29
1069001875225923 23
643818029483781 2
992262276073943 37
645816710923443 22
1030788632833323 13
815565512844799 24
1071883324111369 6
888092191789945 43
670387055418401 41
643073627344575 2
966901502637306 25
675228327439124 47
836520194481671 37
670228855351606 16
947714956010885 12
682075965766479 16
1124036281663469 24
565430388971682 2
600428469930784 18
769395257067759 3
602551561420332 2
648672880614451 40
1028850905368325 20
841603379688863 39
874859578802520 13
1080426647959247 25
597638271760824 5
572913576838038 33
875384653380017 11
926249461170618 14
774781668671352 14
1061867267930019 13
914883218849728 5
613798205115868 29
763307262439325 40
1052785305456217 0
924568611710975 19
694834419816304 42
1105705362348940 16
993683790711203 10
679586065211791 41
780830233884108 10
678776253542983 23
836704411499157 21
831791071257571 23
867925499069990 22
640299661674132 12
569169284172739 29
643235677384579 33
620594251498233 0
880646023935006 0
723978480126646 34
923257409651107 5
883736740166434 12
657435492568131 1
603150951366239 12
780758356855730 3
896568576811619 49
812130199857797 10
709678470929745 42
1088205951268403 17
809314668132770 19
567497567126361 43
705196329743353 44
683565799166932 31
897531570736792 44
590336336524088 30
792685924165942 5
819813065590147 1
666673933029820 40
732914465267729 1
1108117935954555 21
1086765348173078 23
1049813847229468 36
840748950262048 46
816991949123355 9
1087040549582975 3
906924004740968 35
857253496273409 2
637964670753096 39
684724638537354 31
1107969017464341 8
996230990866846 14
643815494941002 33
982992879414843 6
867631274746437 28
1049125165319588 34
731600366262629 42
869308413445620 43
582415181133217 23
994062059516945 21
1077690700496230 48
681145181378151 41
1045446018626662 24
1093637901246157 32
1122599904865470 0
955513670025603 10
931958642571270 39
1001941700427264 28
706021475465273 0
856164119430661 0
976199183426634 2
687403468047807 34
859167107379514 47
996646265835463 12
695892410624438 18
1031781142560556 29
898858701956892 23
855364276478452 6
636590097603511 48
985186681429399 9
1016520388787257 1
928005705176538 35
911795045475797 31
881388430375301 3
566462711993965 0
1038248066256344 27
736786400725798 47
1114096852373336 33
1086681903190696 3
755912048935584 48
626242335980471 23
630648585685427 48
698846622292009 2
671236453427306 35
816964966475514 20
764808631562680 13
1110797262385585 8
681061602899088 8
950334966793594 22
939946683833791 3
691098612701574 6
831902722531633 36
1025774846730663 36
1050715522808449 46
579841370682328 47
841182226937441 16
912426594940100 14
935946249207802 47
639710963956296 25
727400802672197 18
1046033504715658 3
1052736657083185 23
936765678792179 9
740085089389979 8
900767702799431 11
1063822505264443 35
921646501477401 9
953387845729156 48
908377680441106 5
795589796683543 12
1080306417268554 3
932711295556832 34
569896671932030 46
936921224869397 18
1104403624500235 46
839841459382120 10
893690150966662 12
890573739327016 41
876785074024418 12
928128249907813 8
579304725169119 35
692556072942480 37
953006573071419 6
761821700850785 6
925767281581691 5
877678298291271 35
911830064185262 16
1051674991948287 20
1087368987507813 35
832191983005845 37
657981261303575 7
967880571535468 5
566632155728326 0
1028301601339823 6
726884536170799 29
662035937552563 36
684052594264633 39
931061019605510 27
888026389039552 6
687572600358714 23
919181975429511 15
681876596993493 33
1076067438985662 6
604474125565609 35
1102599427032272 47
836966907473995 13
954258363547301 27
830646094876200 44
689139398207385 23
898684534473425 6
706977459020174 10
765073858165501 25
684989054852556 3
876967384528314 1
740302340834611 5
765487042247650 13
612106796992375 31
926067229748281 4
828957320127763 29
782510788510655 43
727206340031104 5
702052775693856 30
675700421050175 11
906671664814176 7
939205863619439 34
723639042273526 20
992309467728233 11
604686240449326 9
656892958926542 5
997843814263905 41
781830904053907 35
745455920514221 37
686588925346214 42
851832618996862 14
871724161828076 1
713101812441582 22
924342295881684 38
640637047075823 48
774947472627889 19
683640890848409 0
729665237676887 29
986924964391045 32
1117388412050697 1
619204150074577 44
727656993812116 16
989890731973766 38
902410729198275 4
989598789289794 22
612014234537546 48
623652736300278 42
976819125084676 30
767958598882161 6
1005926213344402 0
910727573487475 6
713356671519552 15
650836424680996 35
831518973314650 15
1006983108153571 46
814836361533762 6
1086699984907178 9
1032582765565454 18
871141363963484 10
736901218373311 0
1043441947084054 1
954931871302311 22
783761452587954 5
1034997807093326 12
1032423143853251 24
904596687032149 8
608602369465404 9
1068759539454226 27
945754520418387 4
1107098620198835 25
1088237759513262 37
684973774602905 18
866620574073790 3
772722264841306 48
1044381724578331 39
838446768844675 7
579274982299798 5
657928411426192 7
672468193731533 7
647286536657859 10
882670185060664 43
1013267534132104 16
661632763732401 9
1074230391807199 20
754961752135632 30
990806509192929 6
836916364208973 4
740097241595874 18
900317645832128 45
816085422603898 3
934831608723693 31
883304709015988 6
584112716643323 9
815979715332937 1
1031138969976445 2
1040784447649558 13
1044275869157513 6
1040228405183761 12
739024911057443 2
689991183193810 1
810089083564076 17
1122112400391577 30
793593535242954 13
708020451543389 1
860838664289011 36
980646367230240 4
804255144758618 8
674277593457672 6
905534850318025 33
794117265802183 1
734991247054068 6
913595705546616 11
990738309202495 0
664869866187400 20
1120642673612772 8
695892138072237 0
1116269508924053 19
805750820261009 47
953776752210168 15
1124021076614485 11
915656108270445 5
800823296439706 2
576390163521618 27

