1
10
5

1664839581977309081382069894164158457885804081087422144507134632265835000438294864710352404475391765963019936704072994778500095050440234313603737244949 151
1672689877194349031618564956729181402727679804201690357652008686600835629232582507205089721997623467918704773097317419651219299444623570237887596257793 223
2806313277625657913951352246358425064078255694971264647061389689210079640453990006329527225563054114590876190316709608170802221844528752389484810632070 92
2868689378605506738509598266460165897112172605324086296850354278549440436490212106211947033900047702007450586090347263146880698601475894049146630393173 279
2912230739044006491677750912204019907458150345321458567627051623194898436068566644227161823685124092475640961780856068219806359391636774332086339595978 475
3240667980978507992467338712006065605066024970170307819778979218639191307098010540043020223882004202620741047029125545564756645245694012911720696944762 406
3034625876485113968155786070240122127306125735756048158375937820026639608128048829921739948318996894837046502643719036797706550136930341260844207085353 426
2494594492163090578571674963684644308393667074838060287703602534436834782360333126597938760623395692244935446173545639945199210512508628740093355811500 228
2863450097454801320468617422631774212372047831247301674093923363599755310672423338545792495842359326630129227073298148791499186238567663233809232589783 388
2109379820238687059253077917531994013566461170817759829702799430489458718792246108802961891513229292859621004009951222696520818244891531500947196170848 131
1682689412276401796535113476928094379473117893998783230526790588998174082896108790562497355117700975761226288689610938239333831746365490338321816190372 443
1877159771445516359256916968288724509578853882794486787828934760159954888424029874626461043365021834626704882225285512560799027547522471033851143150975 260
1948944788785763364038352749790744403309962688306829516845854095906924703424451451690548401386588390972851745657969966507408384481318793347249322723806 304
1998836493595427426962065622714523873313019638814258102400565593907008415609349537307850057415083213657642281480384243609384813874491620695217500358216 231
2089352089259094771239881149430445221818721858605249721764337846603691127308252333505181847772829439308735041213776634897294283380099059278735079294200 316
2872005602685511991868573981468015780946643054122439479174973625348963498436350015363823714801521729953747762661829375210276738959664397675503323812318 430
3074515096189842352404106273966847929000962997813472859309908912776382417586317670378999786314733196328440481119801639884904809190835384954078556171998 179
2123958576092670027519307382832488088507498455886275910592723086657523925242179916352653774507612992642769299118124437073609230940863846434455931079517 425
2689616609805210681307001037314580815144959408683273047358566129022356843345796325944204302662653433639280318883531033961468942874908421968427913006783 497
2229046998518967128261586324829316150824167931595305963344709980248998473304362162653528269293609799020456538562399940582890833358083276185425213231500 44
2012817404458731436431036338101032492155409200412190675322975045104340996030387646644346954498459526474444393745923321958713355587703062933254640772100 217
2806388744468629579756009287743830269168486662152141347145751033920979023607012950294334507976331268170724480622653796147306231628923342363480442567096 451
3123206427051777956065026973970471494774275540293812021529364636356536045230583747872733625576644443596347115828509443349880361190963086409698380727629 368
2539229996142422403912129815565926415272826732027879223135047704370623612942834220521654120132273076694692894642790215557542299279610463406210691659762 87
3004481877137519290346684875308133155610206968604833964820828566736083821312280092931092971886924215942774373262519068306391376966490993937975795694229 260

