1
2
5

1213660580244899244399947207957 52
762922611811113195479927065969 5
735580267948620924001504502207 96
1041263382827677793032481547063 11
806095580187539755810754366519 68
973946006279975823731152284103 73
1235029158607508336939657330770 6
772122632481020889191933846452 41
1023582362897247926497796470775 3
734166962609821559506760968584 11
956373006846615862101113271900 0
1183671343332570174649800205641 8
1070296237031558711486616479847 15
794083808134540358381125583956 4
920928616236501852925472983121 23
1087988996551037405260118958050 77
987904357767161460823050106242 91
726356374793425434078230648954 51
824171711697385053475233479943 37
692712689184468879756566090636 14
898433279493817162968582838029 43
877818466942679383421746788862 64
1171425483914437873845641270228 24
848944985273438003012364349489 44
853956282320456794761124824968 23

