1
2
4

1213660580244899244399947207957 100
762922611811113195479927065969 100
735580267948620924001504502207 100
1041263382827677793032481547063 100
806095580187539755810754366519 100
973946006279975823731152284103 100
1235029158607508336939657330770 100
772122632481020889191933846452 100
1023582362897247926497796470775 100
734166962609821559506760968584 100
956373006846615862101113271900 100
1183671343332570174649800205641 100
1070296237031558711486616479847 100
794083808134540358381125583956 100
920928616236501852925472983121 100
1087988996551037405260118958050 100

