1
10
4

12232470561153222106004100917600307697706018329877 4
14922649681380279671076399623940736502880220138266 49
15620616553567674620745724032117250511074567941600 5
17001863387565106788686220285884806272630856519301 10
11090253713754324937407310013521541792993671208604 6
11557828091494823589932414347668577868203136426932 13
10862803764494075772105350929323201035150813002854 1
11299598955418038189136584984117147877928763504523 9
10612671701187248377932101475984170533826653203514 5
12956247683087321646218142635892920883753309437149 4
13143951922944830191716462271896181047746375895121 28
11392334038685568321526733194875834206485514774421 20
10612671701187248377932101475984170533826653203514 5
12956247683087321646218142635892920883753309437149 4
13143951922944830191716462271896181047746375895121 28
11392334038685568321526733194875834206485514774421 20

