10

0.396465
0.840485
0.353336
0.446583
0.318693
0.886428
0.0155828
0.58409
0.159369
0.383716

0.691004
0.0588589
0.899854
0.163546
0.159072
0.533065
0.604144
0.582699
0.269971
0.390478

0.293401
0.742377
0.298526
0.0755381
0.404983
0.857378
0.941968
0.662831
0.846476
0.00275508

0.462379
0.532596
0.787877
0.265612
0.982752
0.306785
0.600855
0.608716
0.212439
0.885895

0.304657
0.15186
0.337662
0.387477
0.64361
0.753553
0.603616
0.531628
0.45936
0.652488

0.327181
0.94637
0.36804
0.94389
0.00742826
0.5166
0.272771
0.0242992
0.591955
0.204964

0.877693
0.0593687
0.260843
0.302829
0.891495
0.498198
0.710026
0.286414
0.864924
0.675541

0.45849
0.959636
0.774675
0.376551
0.228639
0.354534
0.300318
0.669766
0.718967
0.565955

0.824465
0.390612
0.818766
0.844008
0.180468
0.943396
0.424887
0.520666
0.0656438
0.913508

0.882585
0.761364
0.398923
0.688257
0.761548
0.405009
0.125251
0.484634
0.222463
0.873121
