1
2
6

1213660580244899244399947207957 100
762922611811113195479927065969 100
735580267948620924001504502207 100
1041263382827677793032481547063 100
806095580187539755810754366519 100
973946006279975823731152284103 100
1235029158607508336939657330770 100
772122632481020889191933846452 100
1023582362897247926497796470775 100
734166962609821559506760968584 100
956373006846615862101113271900 100
1183671343332570174649800205641 100
1070296237031558711486616479847 100
794083808134540358381125583956 100
920928616236501852925472983121 100
1087988996551037405260118958050 100
987904357767161460823050106242 100
726356374793425434078230648954 100
824171711697385053475233479943 100
692712689184468879756566090636 100
898433279493817162968582838029 100
877818466942679383421746788862 100
1171425483914437873845641270228 100
848944985273438003012364349489 100
853956282320456794761124824968 100
936460960963858192283099045886 100
991555875128069811067659176925 100
657928525795027509156123113700 100
993432768583995235636604448768 100
1005407044802130718407631202923 100
678233034417308261868263641551 100
772421702910307634084923775743 100
785294101693991084491938721218 100
680467492917300164002244141048 100
1140192530015014347291214577060 100
1153083495305767440847902282013 100

