1
10
5

1145544205175416537265442735690759317542418447908564483495189 26
1406770702073067544132266279406775435995231330266521838623041 55
1227265583886365623435797194894289092998197214602991328658583 2
1321696807222935757266152530116181464863461267490410779698500 152
914859693419736502949785535526324375682350259125391466179850 169
1080506781098023349833860876708763637744788387588359304034295 135
809050757140931373801801741154489130829601336361043540383681 73
838833069719043251486185073683666559926629222680529741687866 21
1312257679763444366364576844040518354617148650289840003742963 155
1040318832811252449535432174088532686457486251938073732336641 5
1285893694832829878142031010792044522381227390953428559017346 57
1037513089796063871617859070700770609961978223000354714116937 140
1060978637168682090101785117881065859786783214572516851214302 83
1332508845355700790521191458510540167910856374718426610644907 1
1071596628920782613118351916904495632992319147295450154169096 172
1335263903521712057721606486064827891269942314297113737611144 40
1592337100469397821114450770359458412045568501375360732502699 28
1555797558920173919723291641803967768022454565667406181725143 60
1300520399666809711282193565370790146376455620935248490706770 10
1316617899285058812860321502083126273446109658651612170499972 144
1037286763590027357007959147353948808397081950929904373329346 130
896151082322953375078538701227872559387517210230476075847544 29
1468812296781728931756062314402691072875143736935552224931938 46
1593087341023196416570292587333347932601151744883385974945330 20
1149153280592398885586451809475170624148753608669017659117004 35

