1
10
5

12232470561153222106004100917600307697706018329877 50
14922649681380279671076399623940736502880220138266 50
15620616553567674620745724032117250511074567941600 50
17001863387565106788686220285884806272630856519301 50
11090253713754324937407310013521541792993671208604 50
11557828091494823589932414347668577868203136426932 50
10862803764494075772105350929323201035150813002854 50
11299598955418038189136584984117147877928763504523 50
10612671701187248377932101475984170533826653203514 50
12956247683087321646218142635892920883753309437149 50
13143951922944830191716462271896181047746375895121 50
11392334038685568321526733194875834206485514774421 50
14585331771519532618183944313796677723501110427099 50
10099167350132333325762171004331650200001724461709 50
14881155675478785630839919520899340654612240179424 50
16256551573814636013318611887131247986472780413438 50
15417498021809344906600996304563232921095771550472 50
14743872759584552776539973892021589017505255711404 50
12301242806491656767087877632382162390676426256084 50
10444626035486662220458548071463441566079413323956 50
14855735627759390411279824076457251980112622661632 50
16334258981128743754368627697565248003247733815062 50
10792524259132381383272851621525829719886992341673 50
17671882847360902185140373101626099511213852049703 50
19340826697295142618497979377006247614351497908088 50

