1
2
4

1213660580244899244399947207957 52
762922611811113195479927065969 5
735580267948620924001504502207 96
1041263382827677793032481547063 11
806095580187539755810754366519 68
973946006279975823731152284103 73
1235029158607508336939657330770 6
772122632481020889191933846452 41
1023582362897247926497796470775 3
734166962609821559506760968584 11
956373006846615862101113271900 0
1183671343332570174649800205641 8
1023582362897247926497796470775 3
734166962609821559506760968584 11
956373006846615862101113271900 0
1183671343332570174649800205641 8

