10.3309 10.4309 
10.2903 10.0003 
10.5231 10.5631 
10.1903 10.1103 
10.4309 10.0509 
10.9321 10.3021 
10.6909 10.3209 
10.4712 10.7212 
10.8037 10.2337 
10.9218 10.6418 
10.5106 10.2706 
10.2428 10.3528 
10.4415 10.1015 
10.8400 10.6300 
10.1000 10.3600 
10.3134 10.2934 
10.7506 10.9106 
10.4415 10.3415 
10.2931 10.3031 
10.2609 10.4309 
10.0431 10.6031 
10.2018 10.5618 
10.7231 10.1331 
10.0931 10.1931 
10.9521 10.4921 
10.1909 10.9709 
10.9631 10.4931 
10.8412 10.9312 
10.0718 10.0618 
10.5437 10.5237 
10.8315 10.3815 
10.9031 10.3031 
10.9528 10.5628 
10.1131 10.2731 
10.0600 10.6800 
10.0118 10.1018 
10.5834 10.7134 
10.1434 10.4734 
10.9721 10.2521 
10.3128 10.1828 
10.5137 10.8737 
10.7909 10.9509 
10.5000 10.1300 
10.3403 10.7303 
10.2125 10.3025 
10.5718 10.7818 
10.0306 10.9706 
10.9321 10.8821 
10.8528 10.9328 
10.2028 10.1128 
10.8728 10.1028 
10.8703 10.6803 
10.7315 10.0015 
10.0531 10.8331 
10.7018 10.8718 
10.1021 10.0521 
10.0018 10.9618 
10.8537 10.6037 
10.2400 10.3100 
10.8606 10.1906 
10.1506 10.5506 
10.7406 10.6106 
10.0231 10.6831 
10.7018 10.1818 
10.8912 10.0612 
10.3009 10.5509 
10.9303 10.7403 
10.1000 10.7300 
10.3000 10.9500 
10.0534 10.9434 
10.7334 10.5334 
10.6028 10.4128 
10.4415 10.4315 
10.3721 10.7921 
10.4918 10.2918 
10.0728 10.1728 
10.8734 10.7334 
10.4506 10.1206 
10.9500 10.5300 
10.8312 10.1712 
10.1715 10.7615 
10.7631 10.9931 
10.2837 10.0237 
10.5537 10.7037 
10.9415 10.8115 
10.8021 10.0421 
10.5906 10.0706 
10.7928 10.0228 
10.5300 10.3200 
10.3209 10.6309 
10.0715 10.8315 
10.6706 10.1606 
10.1934 10.2834 
10.0734 10.5634 
10.5337 10.2837 
10.3025 10.7725 
10.2000 10.0400 
10.1037 10.1937 
10.9821 10.3121 
10.0909 10.5109 
