88

# boundary
0 0
512 0
512 512
0 512
# outer wall
1 1
511 1
511 511
1 511

# inner blocks 1
1 81
200 81
200 215
1 215
# inner blocks 2
81 296
215 296
215 431
81 431
# inner blocks 3
296 81
431 81
431 215
296 215
# inner blocks 4
296 312
431 312
431 511
296 511
# inner bar 1
277 237
235 279
233 277
275 235
# inner bar 1
487 27
445 69
443 67
485 25

# tiny obstacles bottom 1
43 50
41 52
39 50
41 48
# tiny obstacles bottom 2
102 22
100 24
98 22
100 20
# tiny obstacles bottom 3
161 50
159 52
157 50
159 48

# tiny obstacles bottom 4
227 65
225 67
223 65
225 63
# tiny obstacles bottom 5
262 55
260 57
258 55
260 53

# tiny obstacles mid 1
72 270
70 272
68 270
70 268
# tiny obstacles mid 2
131 242
129 244
127 242
129 240
# tiny obstacles mid 3
190 270
188 272
186 270
188 268

# tiny obstacles top 1
50 422
48 424
46 422
48 420

# tiny obstacles top 2
62 470
60 472
58 470
60 468

# tiny obstacles top 3
153 467
151 469
149 467
151 465

# tiny obstacles right 1
362 287
360 289
358 287
360 285

# tiny obstacles right 2
362 239
360 241
358 239
360 237

# tiny obstacles right 3
405 260
403 262
401 260
403 258

# polygon
24
# boundary
1 2 6 5 1
2 3 7 6 2
3 4 8 7 3
4 1 5 8 4
# others
9 10 11 12 9
13 14 15 16 13
17 18 19 20 17
21 22 23 24 21
25 26 27 28 25
29 30 31 32 29
33 34 35 36 33
37 38 39 40 37
41 42 43 44 41
45 46 47 48 45
49 50 51 52 49
53 54 55 56 53
57 58 59 60 57
61 62 63 64 61
65 66 67 68 65
69 70 71 72 69
73 74 75 76 73
77 78 79 80 77
81 82 83 84 81
85 86 87 88 85
