0.600000000000000000000000 0.800000000000000000000000
-0.280000000000000000000000 0.960000000000000000000000
-0.936000000000000000000000 0.352000000000000000000000
-0.843200000000000000000000 -0.537600000000000000000000
-0.075840000000000000000000 -0.997120000000000000000000
0.752192000000000000000000 -0.658944000000000000000000
0.978470400000000000000000 0.206387200000000000000000
0.421972480000000000000000 0.906608640000000000000000
-0.472103424000000000000000 0.881543168000000000000000
-0.988496588800000000000000 0.151243161600000000000000
-0.714092482560000000000000 -0.700051374080000000000000
0.131585609728000000000000 -0.991304810496000000000000
0.871995214233600000000000 -0.489514398515200000000000
0.914808647352320000000000 0.403887532277760000000000
0.225775162589184000000000 0.974179437248512000000000
-0.643878452245299200000000 0.765127792420454400000000
-0.998429305283543040000000 -0.056026086343966720000000
-0.554236714094952448000000 -0.832359096033214464000000
0.333345248369600102400000 -0.942804828895890636800000
0.954251012138472570880000 -0.299006698641854300160000
0.811755966196566982656000 0.583996790525665476608000
0.019856147297407808307200 0.999802847272652872089600
-0.787928589439677612687360 0.615766626201517969899520
-0.965370454625020943532032 -0.260882895830831308210176
-0.370515956110347519551078 -0.928826101198515539751731
0.520751307292603920070738 -0.853708425607387339491901
0.995417524861472223635964 -0.095624009530349267638551
0.673749722541162748292419 0.738959614170968218325641
-0.186917857812076925685061 0.982375546535511129629319
-0.898051151915655059114492 0.439891041671645137229543
-0.890743524486709145252330 -0.454506296529536964953868
-0.170841077468395915188303 -0.985298597507089495174185
0.685734231524634047026366 -0.727852020478970429255153
0.993722155297956771619942 0.111876172932324980068001
0.506732354832914078917565 0.862103427997760405336754
-0.385643329498459876918865 0.922647940664987506336104
-0.969504350231065931220202 0.245074100800224602266571
-0.777761890778819240545378 -0.628559019704717983616219
0.036190081296482842565749 -0.999344924445886182606034
0.821189988334598651624276 -0.570654889630345435511021
0.949237904705035539383383 0.314559056889471659992808
0.317895497311443995635783 0.948125757897711427502391
-0.567763307931302744620443 0.823191852587782053010061
-0.999211466829007289180315 0.039704465207627036109682
-0.631290452263506002395935 -0.775546494338629609678442
0.241662924112800086305193 -0.970360258413982567723813
0.921285961198866105962166 -0.388885815758149471590134
0.863880229325839240849407 0.503697279504203201815653
0.115370313992140983057122 0.993322551163193313768917
-0.725435852535270061180861 0.688289781891628774707048
-0.985893337034465056474155 -0.167374812893238784120460
-0.457636151906088006588125 -0.889139557363515315651600
0.436729954747159448568405 -0.899592655942979594661460
0.981712097602679344870211 -0.190371629768060197942152
0.741324562376055765275848 0.671146700221307357130877
-0.092122622751412426539193 0.995747670033629026499205
-0.851871709677750677122880 0.523750503819047474668168
-0.930123428861888386008262 -0.367247065450772056897403
-0.264276404956515386087035 -0.964446982359973942945052
0.612991742914069922703820 -0.790089313381196674636659
0.999866496453399293331619 0.016339806302537933381061
0.586848052830009229294123 0.809697080944242194693932
-0.295648833057388218178672 0.955296690830552700251658
-0.941626652498875091108529 0.336658948052421045608057
-0.834303149941261891151563 -0.551305953167647445521989
-0.059537127430639178273347 -0.998226091853597980234444
0.762858597024494877223547 -0.646565357056670130759344
0.974967443860033030941603 0.222347663385593823323231
0.407102335607544759906377 0.913382553119382718747222
-0.486444641130979319053951 0.873711400357665439173434
-0.990835904964719942771118 0.135071127309815808260900
-0.702558444826684612271391 -0.711626047585886469260355
0.147765771172698408045449 -0.989022384412879571373325
0.879877370233922701925930 -0.475200813709569016387636
0.908087073108008834265667 0.418781407961396751708162
0.209827117495687899192870 0.977738503263245118437431
-0.656294532113183355234223 0.754504795954497390416754
-0.997380556031507925473937 -0.072332748117848249937325
-0.540562135124626155334502 -0.841304093695915290341545
0.348705993881956539072535 -0.937232164317250098472528
0.959009327782974002221544 -0.283374503484784827825489
0.802105199457612263593318 0.597182760135508305081941
0.003516911566160714090437 0.999993815647394793923819
-0.797884905578219406684793 0.602809818641365447626641
-0.960978798260024002112189 -0.276622033277756256771849
-0.355289652333809395849834 -0.934756258574672955752861
0.534631215459452727092388 -0.845085477011851290131583
0.996847110885152668360700 -0.079346313839548592405039
0.661585317602730474940451 0.749869900404392979245536
-0.202944729761876098432158 0.979190194324820167499683
-0.905118993316981793059041 0.425158332785391221754083
-0.883198062218502053238691 -0.469000194982350701394783
-0.154718681345220670827388 -0.987958566764212063427823
0.697535644604237248245825 -0.716550085134703774718604
0.991761454870305368722378 0.128098464602567533765498
0.492578101240129194221029 0.870268242657784815237201
-0.400667733382150335657144 0.916223426586774244519144
-0.973379381298709597009601 0.229199869246344278185772
-0.767387524176301180754378 -0.641183583491161110696218
0.052514352287148180104348 -0.998620169435737611021233
