1.600000000000000000000000 1.800000000000000000000000
0.720000000000000000000000 1.960000000000000000000000
0.064000000000000000000000 1.352000000000000000000000
0.156800000000000000000000 0.462400000000000000000000
0.924160000000000000000000 0.002880000000000000000000
1.752192000000000000000000 0.341056000000000000000000
1.978470400000000000000000 1.206387200000000000000000
1.421972480000000000000000 1.906608640000000000000000
0.527896576000000000000000 1.881543168000000000000000
0.011503411200000000000000 1.151243161600000000000000
