(471,132,0,1)
(496,171,0,1)
(-280,22,0,1)
(472,439,0,1)
(-177,494,0,1)
(-35,-476,0,1)
(480,-456,0,1)
(71,-28,0,1)
(-113,-22,0,1)
(224,-123,0,1)
(13,-440,0,1)
(-425,411,0,1)
(-85,425,0,1)
(63,-102,0,1)
(-298,197,0,1)
(-426,-352,0,1)
(-196,-455,0,1)
(318,23,0,1)
(66,265,0,1)
(-63,388,0,1)
(234,401,0,1)
(411,190,0,1)
(444,-42,0,1)
(-363,-194,0,1)
(435,360,0,1)
(183,-76,0,1)
(419,257,0,1)
(-190,-191,0,1)
(158,372,0,1)
(207,359,0,1)
(44,280,0,1)
(347,324,0,1)
(299,-154,0,1)
(-135,39,0,1)
(282,-271,0,1)
(-251,159,0,1)
(-385,438,0,1)
(78,72,0,1)
(-450,384,0,1)
(-17,409,0,1)
(42,406,0,1)
(304,-226,0,1)
(-309,-412,0,1)
(431,-461,0,1)
(294,265,0,1)
(82,49,0,1)
(246,-95,0,1)
(-152,20,0,1)
(250,213,0,1)
(-465,7,0,1)
(441,-217,0,1)
(-359,-469,0,1)
(-304,219,0,1)
(103,-255,0,1)
(78,-439,0,1)
(-371,-405,0,1)
(466,432,0,1)
(-132,-368,0,1)
(-225,-330,0,1)
(289,-485,0,1)
(252,-186,0,1)
(261,-368,0,1)
(161,-244,0,1)
(381,-151,0,1)
(-210,-137,0,1)
(-235,72,0,1)
(4,-204,0,1)
(267,-302,0,1)
(398,275,0,1)
(458,-384,0,1)
(369,399,0,1)
(-477,-288,0,1)
(-494,-482,0,1)
(-14,-324,0,1)
(307,1,0,1)
(427,-404,0,1)
(-263,-466,0,1)
(256,-8,0,1)
(414,-419,0,1)
(282,-248,0,1)
(-155,-171,0,1)
(255,140,0,1)
(-428,452,0,1)
(13,-442,0,1)
(202,-54,0,1)
(-327,46,0,1)
(-180,-304,0,1)
(258,-174,0,1)
(-287,-281,0,1)
(1,219,0,1)
(-97,-410,0,1)
(455,-64,0,1)
(346,-77,0,1)
(-175,426,0,1)
(-320,76,0,1)
(-254,8,0,1)
(-193,386,0,1)
(79,-266,0,1)
(-126,137,0,1)
(436,320,0,1)
(309,-43,0,1)
(-385,-310,0,1)
(-60,-307,0,1)
(-91,440,0,1)
(-313,-397,0,1)
(-182,-223,0,1)
(-466,253,0,1)
(-402,-44,0,1)
(-447,135,0,1)
(129,-256,0,1)
(-382,435,0,1)
(-395,197,0,1)
(-356,-21,0,1)
(-191,-445,0,1)
(-226,-407,0,1)
(12,-112,0,1)
(-427,201,0,1)
(328,-235,0,1)
(-415,243,0,1)
(-49,-312,0,1)
(-463,227,0,1)
(-279,289,0,1)
(324,176,0,1)
(342,322,0,1)
(-214,-54,0,1)
(-458,-97,0,1)
(-144,-354,0,1)
(-425,-1,0,1)
(124,-117,0,1)
(54,397,0,1)
(-24,-459,0,1)
(-239,48,0,1)
(241,-436,0,1)
(312,326,0,1)
(306,-262,0,1)
(342,465,0,1)
(-291,107,0,1)
(264,384,0,1)
(-76,62,0,1)
(-355,369,0,1)
(103,47,0,1)
(-300,248,0,1)
(122,198,0,1)
(-152,-273,0,1)
(-280,-45,0,1)
(-233,-20,0,1)
(43,289,0,1)
(309,-175,0,1)
(-497,297,0,1)
(-358,467,0,1)
(248,206,0,1)
(364,-353,0,1)
(-257,345,0,1)
(30,-310,0,1)
(69,-373,0,1)
(388,416,0,1)
(-393,-410,0,1)
(-389,61,0,1)
(-143,91,0,1)
(39,-160,0,1)
(-391,-197,0,1)
(-376,-67,0,1)
(-195,420,0,1)
(75,-253,0,1)
(400,-202,0,1)
(453,239,0,1)
(-55,-329,0,1)
(222,-65,0,1)
(-273,125,0,1)
(60,-146,0,1)
(-12,-49,0,1)
(-40,77,0,1)
(61,433,0,1)
(-373,34,0,1)
(-252,-264,0,1)
(337,-129,0,1)
(168,-383,0,1)
(-234,-282,0,1)
(-136,-359,0,1)
(16,-208,0,1)
(379,460,0,1)
(-38,76,0,1)
(-130,-47,0,1)
(303,494,0,1)
(-368,-43,0,1)
(-62,91,0,1)
(-490,499,0,1)
(86,442,0,1)
(-399,-404,0,1)
(-334,-164,0,1)
(432,36,0,1)
(-476,302,0,1)
(-303,-113,0,1)
(442,212,0,1)
(178,297,0,1)
(147,-384,0,1)
(-152,68,0,1)
(-374,486,0,1)
(56,-243,0,1)
(-81,493,0,1)
(347,-72,0,1)
(467,-91,0,1)
(-155,-456,0,1)
(4,10,0,1)
(-121,-89,0,1)
(-478,-142,0,1)
(-66,323,0,1)
(55,321,0,1)
(240,-258,0,1)
(-26,12,0,1)
(389,89,0,1)
(360,381,0,1)
(-367,485,0,1)
(342,188,0,1)
(-282,-264,0,1)
(156,-460,0,1)
(163,99,0,1)
(-52,142,0,1)
(451,-7,0,1)
(-163,14,0,1)
(-146,271,0,1)
(-188,408,0,1)
(67,-472,0,1)
(-375,-484,0,1)
(39,105,0,1)
(-126,369,0,1)
(237,-165,0,1)
(187,-100,0,1)
(52,422,0,1)
(-469,91,0,1)
(61,129,0,1)
(-485,44,0,1)
(-254,465,0,1)
(-488,-258,0,1)
(-222,26,0,1)
(95,-476,0,1)
(337,-22,0,1)
(90,364,0,1)
(102,105,0,1)
(-121,91,0,1)
(-315,252,0,1)
(-65,421,0,1)
(-438,-403,0,1)
(-204,113,0,1)
(-173,-320,0,1)
(55,455,0,1)
(-306,-426,0,1)
(-323,-366,0,1)
(-415,-82,0,1)
(-89,110,0,1)
(-66,-77,0,1)
(-35,-238,0,1)
(-458,104,0,1)
(140,132,0,1)
(288,-132,0,1)
(-457,185,0,1)
(-71,-361,0,1)
(480,-482,0,1)
(-367,-218,0,1)
(-303,187,0,1)
(-287,-110,0,1)
(260,-111,0,1)
(23,345,0,1)
(306,434,0,1)
(-70,293,0,1)
(-157,352,0,1)
(-267,-158,0,1)
(-410,-226,0,1)
(445,229,0,1)
(406,208,0,1)
(-428,448,0,1)
(-132,1,0,1)
(-438,-176,0,1)
(18,-305,0,1)
(105,214,0,1)
(381,317,0,1)
(-421,117,0,1)
(-319,101,0,1)
(-63,486,0,1)
(10,366,0,1)
(254,353,0,1)
(194,486,0,1)
(-330,283,0,1)
(-264,-410,0,1)
(-13,-383,0,1)
(297,59,0,1)
(-460,-359,0,1)
(-465,-399,0,1)
(-36,52,0,1)
(-205,-456,0,1)
(-259,-348,0,1)
(361,-181,0,1)
(268,-483,0,1)
(419,-320,0,1)
(-95,-479,0,1)
(232,-267,0,1)
(214,194,0,1)
(-98,-28,0,1)
(429,-9,0,1)
(459,-479,0,1)
(-237,-7,0,1)
(-440,-97,0,1)
(27,-340,0,1)
(366,-446,0,1)
(-45,410,0,1)
(-206,106,0,1)
(246,112,0,1)
(-151,262,0,1)
(6,28,0,1)
(240,410,0,1)
(48,-52,0,1)
(-382,-262,0,1)
(-383,19,0,1)
(209,-479,0,1)
(143,-459,0,1)
(-252,-389,0,1)
(-400,150,0,1)
(137,-241,0,1)
(-8,190,0,1)
(213,-123,0,1)
(483,-206,0,1)
(-402,70,0,1)
(142,359,0,1)
(-448,-355,0,1)
(75,461,0,1)
(193,-445,0,1)
(430,-386,0,1)
(73,114,0,1)
(-366,58,0,1)
(-267,-326,0,1)
(305,-157,0,1)
(-227,-70,0,1)
(480,31,0,1)
(421,145,0,1)
(-280,-227,0,1)
(104,13,0,1)
(-130,-351,0,1)
(-369,-295,0,1)
(-300,-225,0,1)
(279,-363,0,1)
(467,276,0,1)
(-309,372,0,1)
(389,263,0,1)
(-38,-204,0,1)
(194,-329,0,1)
(-424,-488,0,1)
(-57,6,0,1)
(491,473,0,1)
(-98,112,0,1)
(-332,175,0,1)
(-309,181,0,1)
(-480,-161,0,1)
(311,-276,0,1)
(39,-439,0,1)
(175,-496,0,1)
(253,365,0,1)
(375,117,0,1)
(103,-188,0,1)
(114,399,0,1)
(284,474,0,1)
(-298,-45,0,1)
(483,-349,0,1)
(357,70,0,1)
(-182,7,0,1)
(260,498,0,1)
(26,-425,0,1)
(284,250,0,1)
(113,345,0,1)
(227,-237,0,1)
(348,-44,0,1)
(-397,198,0,1)
(-452,205,0,1)
(162,79,0,1)
(490,-79,0,1)
(29,482,0,1)
(123,483,0,1)
(441,273,0,1)
(315,-14,0,1)
(-434,-203,0,1)
(-278,-460,0,1)
(323,-204,0,1)
(323,48,0,1)
(408,143,0,1)
(-250,-354,0,1)
(-34,205,0,1)
(-252,-360,0,1)
(253,452,0,1)
(-375,-110,0,1)
(7,-410,0,1)
(310,-489,0,1)
(-452,-92,0,1)
(493,488,0,1)
(-344,284,0,1)
(-51,-278,0,1)
(-444,170,0,1)
(-239,378,0,1)
(465,-441,0,1)
(-99,348,0,1)
(202,151,0,1)
(493,-357,0,1)
(-169,-284,0,1)
(-218,-441,0,1)
(-356,-94,0,1)
(-52,150,0,1)
(-4,-266,0,1)
(160,43,0,1)
(141,128,0,1)
(6,297,0,1)
(-113,454,0,1)
(-57,100,0,1)
(-246,-204,0,1)
(40,-188,0,1)
(197,-136,0,1)
(-177,-168,0,1)
(-368,153,0,1)
(48,-87,0,1)
(212,191,0,1)
(319,-365,0,1)
(-184,-210,0,1)
(-132,475,0,1)
(332,78,0,1)
(-187,281,0,1)
(465,-258,0,1)
(274,-117,0,1)
(341,-497,0,1)
(178,-143,0,1)
(-186,-150,0,1)
(220,-197,0,1)
(172,-473,0,1)
(-66,-199,0,1)
(74,346,0,1)
(-260,140,0,1)
(-378,55,0,1)
(429,-10,0,1)
(5,236,0,1)
(-26,-441,0,1)
(-476,-270,0,1)
(-234,-119,0,1)
(-418,-466,0,1)
(-62,-206,0,1)
(-116,-367,0,1)
(96,-469,0,1)
(-340,-495,0,1)
(-169,233,0,1)
(351,-182,0,1)
(473,-34,0,1)
(-60,3,0,1)
(-129,429,0,1)
(-418,-122,0,1)
(-458,-394,0,1)
(107,-460,0,1)
(-129,85,0,1)
(-80,-48,0,1)
(65,-47,0,1)
(390,358,0,1)
(336,-70,0,1)
(367,-343,0,1)
(-66,-327,0,1)
(390,-240,0,1)
(-9,338,0,1)
(226,430,0,1)
(-184,-428,0,1)
(334,-201,0,1)
(-347,-313,0,1)
(-160,-242,0,1)
(293,-121,0,1)
(128,-147,0,1)
(298,-444,0,1)
(417,-273,0,1)
(445,250,0,1)
(-462,442,0,1)
(-345,404,0,1)
(-425,89,0,1)
(-447,464,0,1)
(348,43,0,1)
(277,49,0,1)
(-52,-432,0,1)
(120,-243,0,1)
(-133,273,0,1)
(-57,206,0,1)
(-494,-289,0,1)
(-439,134,0,1)
(63,358,0,1)
(189,-45,0,1)
(-440,109,0,1)
(-320,-402,0,1)
(26,-165,0,1)
(100,423,0,1)
(-471,39,0,1)
(246,71,0,1)
(-209,-229,0,1)
(-141,390,0,1)
(-250,225,0,1)
(138,192,0,1)
(-94,144,0,1)
(402,-34,0,1)
(-247,-60,0,1)
(-200,441,0,1)
(394,-141,0,1)
(25,-450,0,1)
(-44,-474,0,1)
(-116,-67,0,1)
(126,-218,0,1)
(-39,-360,0,1)
(-497,-492,0,1)
(-69,-227,0,1)
(-499,289,0,1)
(-361,-249,0,1)
(-11,276,0,1)
(442,394,0,1)
(-105,320,0,1)
(-164,147,0,1)
(-265,135,0,1)
(63,-395,0,1)
(493,-437,0,1)
(-346,-75,0,1)
(-411,37,0,1)
(357,214,0,1)
(318,-207,0,1)
(353,320,0,1)
(-200,-241,0,1)
(-431,-199,0,1)
(-477,-293,0,1)
(51,11,0,1)
(482,-32,0,1)
(-119,-147,0,1)
(-237,216,0,1)
(499,-2,0,1)
(-174,38,0,1)
(102,-206,0,1)
(100,255,0,1)
(218,188,0,1)
(-233,50,0,1)
(-123,-440,0,1)
(343,-294,0,1)
(379,-382,0,1)
(-36,447,0,1)
(-82,-13,0,1)
(-371,468,0,1)
(497,-413,0,1)
(-88,-147,0,1)
(-61,174,0,1)
(-456,-87,0,1)
(-353,-131,0,1)
(450,248,0,1)
(163,26,0,1)
(-22,-144,0,1)
(-311,244,0,1)
(406,66,0,1)
(303,224,0,1)
(271,158,0,1)
(341,-290,0,1)
(80,-265,0,1)
(196,209,0,1)
(-322,169,0,1)
(295,89,0,1)
(-291,-261,0,1)
(-459,121,0,1)
(-115,-91,0,1)
(47,-391,0,1)
(-453,-452,0,1)
(86,-97,0,1)
(-264,-194,0,1)
(-216,301,0,1)
(-416,47,0,1)
(241,323,0,1)
(257,-203,0,1)
(-467,-72,0,1)
(-289,-428,0,1)
(275,299,0,1)
(-431,483,0,1)
(-487,-391,0,1)
(79,-102,0,1)
(17,-399,0,1)
(6,64,0,1)
(-352,-433,0,1)
(466,-116,0,1)
(-128,-275,0,1)
(-340,-44,0,1)
(-293,207,0,1)
(-328,-495,0,1)
(-61,-32,0,1)
(-462,366,0,1)
(-52,-252,0,1)
(438,-302,0,1)
(-478,-344,0,1)
(-465,-410,0,1)
(235,-68,0,1)
(106,335,0,1)
(437,-355,0,1)
(483,-414,0,1)
(-158,-149,0,1)
(-190,1,0,1)
(306,16,0,1)
(-317,477,0,1)
(21,121,0,1)
(-79,58,0,1)
(-37,368,0,1)
(305,-124,0,1)
(-458,326,0,1)
(-143,-303,0,1)
(360,-54,0,1)
(431,-233,0,1)
(-473,242,0,1)
(-321,-328,0,1)
(200,-342,0,1)
(-243,-483,0,1)
(8,67,0,1)
(17,-211,0,1)
(-442,200,0,1)
(-259,78,0,1)
(-204,161,0,1)
(-389,258,0,1)
(5,415,0,1)
(-391,46,0,1)
(217,-35,0,1)
(242,52,0,1)
(410,149,0,1)
(319,437,0,1)
(-134,497,0,1)
(-416,-459,0,1)
(-370,-160,0,1)
(-443,137,0,1)
(406,73,0,1)
(425,464,0,1)
(-252,-358,0,1)
(17,44,0,1)
(302,128,0,1)
(-223,-218,0,1)
(18,-114,0,1)
(327,-290,0,1)
(350,45,0,1)
(262,236,0,1)
(-331,56,0,1)
(148,34,0,1)
(28,231,0,1)
(74,158,0,1)
(-454,130,0,1)
(-230,452,0,1)
(-322,-329,0,1)
(391,-74,0,1)
(-188,-117,0,1)
(469,-411,0,1)
(-279,-129,0,1)
(4,106,0,1)
(-327,213,0,1)
(-68,217,0,1)
(-50,-357,0,1)
(385,290,0,1)
(-106,9,0,1)
(-4,467,0,1)
(-358,41,0,1)
(72,-89,0,1)
(-32,250,0,1)
(81,-166,0,1)
(-349,392,0,1)
(217,-405,0,1)
(481,202,0,1)
(-185,-173,0,1)
(-319,421,0,1)
(-1,394,0,1)
(-172,-308,0,1)
(-181,-30,0,1)
(-448,-200,0,1)
(-265,-54,0,1)
(308,230,0,1)
(-112,449,0,1)
(-254,460,0,1)
(-165,214,0,1)
(185,416,0,1)
(-477,335,0,1)
(283,239,0,1)
(429,239,0,1)
(-83,-281,0,1)
(-459,97,0,1)
(-385,40,0,1)
(-34,-58,0,1)
(231,285,0,1)
(411,282,0,1)
(-440,-379,0,1)
(-297,367,0,1)
(350,91,0,1)
(291,-428,0,1)
(26,-399,0,1)
(285,-314,0,1)
(307,275,0,1)
(22,424,0,1)
(-11,438,0,1)
(-382,30,0,1)
(10,-267,0,1)
(-455,476,0,1)
(174,275,0,1)
(236,61,0,1)
(32,295,0,1)
(181,235,0,1)
(137,7,0,1)
(-199,-97,0,1)
(78,326,0,1)
(3,-162,0,1)
(-5,-380,0,1)
(-255,141,0,1)
(405,233,0,1)
(54,-262,0,1)
(-460,-270,0,1)
(-218,404,0,1)
(-468,226,0,1)
(-60,64,0,1)
(-4,-404,0,1)
(-226,-392,0,1)
(102,74,0,1)
(10,-345,0,1)
(-125,-8,0,1)
(-139,-18,0,1)
(112,-158,0,1)
(226,-272,0,1)
(-278,-65,0,1)
(282,-281,0,1)
(172,321,0,1)
(-51,454,0,1)
(311,-172,0,1)
(485,12,0,1)
(267,24,0,1)
(362,297,0,1)
(-410,-60,0,1)
(-154,99,0,1)
(94,220,0,1)
(86,-438,0,1)
(-444,-456,0,1)
(173,-103,0,1)
(269,400,0,1)
(118,-321,0,1)
(157,337,0,1)
(351,-47,0,1)
(-239,280,0,1)
(-261,88,0,1)
(240,250,0,1)
(-170,-260,0,1)
(232,-333,0,1)
(-488,321,0,1)
(106,-142,0,1)
(-105,-324,0,1)
(-447,481,0,1)
(-263,-391,0,1)
(409,5,0,1)
(268,284,0,1)
(-401,447,0,1)
(-83,435,0,1)
(273,369,0,1)
(-329,28,0,1)
(-416,258,0,1)
(-257,333,0,1)
(-437,-18,0,1)
(41,-271,0,1)
(-6,-163,0,1)
(335,351,0,1)
(232,403,0,1)
(188,-278,0,1)
(187,-394,0,1)
(-8,-70,0,1)
(389,90,0,1)
(-148,-219,0,1)
(0,-400,0,1)
(-374,170,0,1)
(127,-291,0,1)
(-97,370,0,1)
(-483,-35,0,1)
(-173,57,0,1)
(193,320,0,1)
(394,3,0,1)
(146,101,0,1)
(-12,25,0,1)
(-236,209,0,1)
(11,450,0,1)
(314,-145,0,1)
(179,67,0,1)
(207,459,0,1)
(-458,306,0,1)
(-440,211,0,1)
(-91,-232,0,1)
(-411,-246,0,1)
(-215,53,0,1)
(80,341,0,1)
(-278,-124,0,1)
(210,224,0,1)
(-214,-312,0,1)
(21,49,0,1)
(396,-492,0,1)
(-26,186,0,1)
(329,-160,0,1)
(52,11,0,1)
(-226,93,0,1)
(-208,-166,0,1)
(-220,200,0,1)
(101,-132,0,1)
(453,385,0,1)
(421,9,0,1)
(202,-382,0,1)
(384,-113,0,1)
(341,380,0,1)
(173,-496,0,1)
(-123,-303,0,1)
(400,-116,0,1)
(171,61,0,1)
(-132,-25,0,1)
(400,419,0,1)
(485,-351,0,1)
(-12,-248,0,1)
(-18,267,0,1)
(452,-441,0,1)
(-390,380,0,1)
(443,-494,0,1)
(-136,120,0,1)
(-377,-277,0,1)
(464,-421,0,1)
(155,467,0,1)
(-45,351,0,1)
(342,338,0,1)
(-3,-122,0,1)
(-319,471,0,1)
(-247,-424,0,1)
(431,-98,0,1)
(63,-341,0,1)
(383,-195,0,1)
(-414,441,0,1)
(-86,465,0,1)
(360,-80,0,1)
(-195,-45,0,1)
(42,27,0,1)
(-63,-19,0,1)
(105,-433,0,1)
(-76,-465,0,1)
(418,-259,0,1)
(372,-110,0,1)
(119,-471,0,1)
(-163,371,0,1)
(-396,-257,0,1)
(-252,166,0,1)
(-99,-393,0,1)
(470,-14,0,1)
(-477,-141,0,1)
(-73,382,0,1)
(278,231,0,1)
(-187,-204,0,1)
(-267,249,0,1)
(276,338,0,1)
(316,-325,0,1)
(372,209,0,1)
(-84,220,0,1)
(-426,-490,0,1)
(248,-90,0,1)
(380,351,0,1)
(153,-396,0,1)
(-8,-471,0,1)
(-290,-63,0,1)
(15,-268,0,1)
(295,441,0,1)
(-410,49,0,1)
(147,-98,0,1)
(344,379,0,1)
(-374,95,0,1)
(192,441,0,1)
(270,40,0,1)
(125,-339,0,1)
(-265,199,0,1)
(-330,482,0,1)
(-416,-475,0,1)
(308,236,0,1)
(-372,-225,0,1)
(265,-163,0,1)
(211,-245,0,1)
(69,-19,0,1)
(-329,158,0,1)
(-495,317,0,1)
(-465,348,0,1)
(171,-340,0,1)
(-81,-161,0,1)
(-423,-336,0,1)
(378,201,0,1)
(-176,-412,0,1)
(-125,-7,0,1)
(-455,-41,0,1)
(17,352,0,1)
(-330,145,0,1)
(-398,434,0,1)
(481,312,0,1)
(-336,25,0,1)
(-232,-166,0,1)
(-342,-227,0,1)
(-374,-308,0,1)
(-404,297,0,1)
(-148,14,0,1)
(-389,-72,0,1)
(177,488,0,1)
(-396,-449,0,1)
(-21,-32,0,1)
(-405,437,0,1)
(485,446,0,1)
(-418,105,0,1)
(-477,61,0,1)
(334,-345,0,1)
(-438,-423,0,1)
(-11,-281,0,1)
(-151,114,0,1)
(-89,-55,0,1)
(-114,262,0,1)
(458,-4,0,1)
(-335,111,0,1)
(-41,-232,0,1)
(86,9,0,1)
(246,-470,0,1)
(103,158,0,1)
(24,240,0,1)
(94,46,0,1)
(231,-370,0,1)
(-145,385,0,1)
(-309,-68,0,1)
(-151,-90,0,1)
(280,463,0,1)
(320,-300,0,1)
(-176,57,0,1)
(-366,320,0,1)
(221,244,0,1)
(-246,488,0,1)
(-195,263,0,1)
(210,-166,0,1)
(-159,-157,0,1)
(-177,365,0,1)
(-442,416,0,1)
(-114,288,0,1)
(-478,241,0,1)
(149,-288,0,1)
(-352,497,0,1)
(121,427,0,1)
(435,-84,0,1)
(-397,-265,0,1)
(472,-264,0,1)
(-470,168,0,1)
(479,-217,0,1)
(132,-241,0,1)
(-479,-183,0,1)
(93,-138,0,1)
(159,415,0,1)
(-298,217,0,1)
(307,87,0,1)
(-20,328,0,1)
(-197,-396,0,1)
(-485,-50,0,1)
(-423,136,0,1)
(-147,-473,0,1)
(-45,-279,0,1)
(499,190,0,1)
(-250,142,0,1)
(144,33,0,1)
(-251,402,0,1)
(53,65,0,1)
(-30,414,0,1)
(-300,-139,0,1)
(-409,416,0,1)
(-357,178,0,1)
(-129,470,0,1)
(480,-25,0,1)
(484,-94,0,1)
(51,95,0,1)
(258,37,0,1)
(122,-312,0,1)
(258,96,0,1)
(377,-287,0,1)
(-4,15,0,1)
(-38,-127,0,1)
(-456,-498,0,1)
(343,457,0,1)
(-299,-321,0,1)
(-476,-408,0,1)
(-179,201,0,1)
(-37,-234,0,1)
(156,437,0,1)
(-275,-463,0,1)
(-37,320,0,1)
(294,499,0,1)
(-83,481,0,1)
(232,333,0,1)
(215,-300,0,1)
(-196,-295,0,1)
(161,177,0,1)
(-252,163,0,1)
(-5,-319,0,1)
(363,173,0,1)
(-296,455,0,1)
(493,404,0,1)
(-107,-266,0,1)
(35,-195,0,1)
(-42,72,0,1)
(267,-247,0,1)
(-159,241,0,1)
(169,-202,0,1)
(-51,156,0,1)
(-394,-361,0,1)
(356,-90,0,1)
(-157,-8,0,1)
(-438,91,0,1)
(-370,56,0,1)
(271,493,0,1)
(-296,474,0,1)
(423,-328,0,1)
(353,-209,0,1)
(-95,-137,0,1)
(95,362,0,1)
(434,-163,0,1)
(-409,-249,0,1)
(-447,259,0,1)
(48,1,0,1)
(-109,153,0,1)
(139,-278,0,1)
(-462,482,0,1)
(213,-401,0,1)
(48,343,0,1)
(154,-206,0,1)
(311,357,0,1)
(-257,209,0,1)
(-496,-429,0,1)
(499,-92,0,1)
(-67,69,0,1)
(-254,-157,0,1)
(405,-164,0,1)
(93,457,0,1)
(-430,-384,0,1)
(-66,-40,0,1)
(268,-452,0,1)
(181,306,0,1)
(-495,-130,0,1)
(404,52,0,1)
(-312,34,0,1)
(345,498,0,1)
(-134,-437,0,1)
(182,-130,0,1)
(-367,156,0,1)
(277,66,0,1)
(-300,408,0,1)
(-420,-167,0,1)
(-24,-488,0,1)
(-97,91,0,1)
(-55,362,0,1)
(-166,-7,0,1)
(19,-385,0,1)
(-3,388,0,1)
(-475,-449,0,1)
(28,369,0,1)
(-476,393,0,1)
(432,205,0,1)
(-262,-460,0,1)
(-164,105,0,1)
(35,-12,0,1)
(114,-179,0,1)
(463,125,0,1)
(223,29,0,1)
(-454,60,0,1)
(363,38,0,1)
(-446,477,0,1)
(-490,441,0,1)
(471,-466,0,1)
(491,-26,0,1)
(403,-157,0,1)
(310,194,0,1)
(80,349,0,1)
(-495,70,0,1)
(-70,39,0,1)
(58,417,0,1)
(-372,378,0,1)
(356,253,0,1)
(76,-140,0,1)
(298,-389,0,1)
(-302,-189,0,1)
(-335,-349,0,1)
(-180,-419,0,1)
(-403,-146,0,1)
(-452,71,0,1)
(-268,-463,0,1)
(413,-483,0,1)
(231,-32,0,1)
(365,235,0,1)
(-486,-230,0,1)
(-250,71,0,1)
(-337,-123,0,1)
(-76,-395,0,1)
(499,-147,0,1)
(402,-415,0,1)
(51,-312,0,1)
(-251,201,0,1)
(8,-170,0,1)
(297,361,0,1)
(-123,-157,0,1)
(-432,-87,0,1)
(-269,-416,0,1)
(-381,199,0,1)
(448,354,0,1)
(212,-306,0,1)
(-421,-242,0,1)
(-144,-45,0,1)
(181,-151,0,1)
(60,155,0,1)
(201,-63,0,1)
(239,-273,0,1)
(125,488,0,1)
(427,-392,0,1)
(-207,200,0,1)
(468,169,0,1)
(-482,-489,0,1)
(-443,-251,0,1)
(-406,-324,0,1)
(447,-483,0,1)
(-495,134,0,1)
(-290,-417,0,1)
(391,65,0,1)
(37,47,0,1)
(413,-428,0,1)
(-323,90,0,1)
(9,415,0,1)
(316,-391,0,1)
(378,219,0,1)
(-284,-354,0,1)
(-106,-341,0,1)
(314,-89,0,1)
(-331,371,0,1)
(159,-238,0,1)
(-478,81,0,1)
(-222,-474,0,1)
(-310,-12,0,1)
(-392,-444,0,1)
(-472,144,0,1)
(102,441,0,1)
(216,278,0,1)
(6,-300,0,1)
(169,-203,0,1)
(-192,22,0,1)
(23,168,0,1)
(-116,181,0,1)
(-43,295,0,1)
(349,-197,0,1)
(-71,-414,0,1)
(-176,-137,0,1)
(-151,-325,0,1)
(350,-44,0,1)
(-269,378,0,1)
(-424,332,0,1)
(294,291,0,1)
(86,-225,0,1)
(490,-270,0,1)
(71,-227,0,1)
(251,62,0,1)
(295,-106,0,1)
(445,-49,0,1)
(351,215,0,1)
(-225,-371,0,1)
(-380,-140,0,1)
(-47,-395,0,1)
(222,301,0,1)
(-221,48,0,1)
(-267,9,0,1)
(-99,-192,0,1)
(-183,-330,0,1)
(-426,402,0,1)
(-56,-461,0,1)
(-393,-189,0,1)
(357,51,0,1)
(-419,-273,0,1)
(-28,31,0,1)
(-447,-338,0,1)
(305,-319,0,1)
(-219,-360,0,1)
(133,-115,0,1)
(361,-90,0,1)
(164,-116,0,1)
(142,-352,0,1)
(284,449,0,1)
(-36,453,0,1)
(-159,-128,0,1)
(-464,-53,0,1)
(-138,-154,0,1)
(-220,412,0,1)
(-74,6,0,1)
(-141,456,0,1)
(58,21,0,1)
(236,238,0,1)
(301,375,0,1)
(-153,-338,0,1)
(211,256,0,1)
(325,-429,0,1)
(-127,472,0,1)
(354,-203,0,1)
(-88,283,0,1)
(-206,252,0,1)
(-370,-171,0,1)
(-325,-9,0,1)
(174,-46,0,1)
(-121,-425,0,1)
(459,237,0,1)
(-494,-8,0,1)
(-267,241,0,1)
(-295,-490,0,1)
(91,51,0,1)
(-329,-223,0,1)
(-218,495,0,1)
(-153,154,0,1)
(442,-323,0,1)
(450,-171,0,1)
(459,-281,0,1)
(-443,-436,0,1)
(47,-269,0,1)
(55,-304,0,1)
(184,433,0,1)
(-230,118,0,1)
(145,-225,0,1)
(-415,378,0,1)
(-211,387,0,1)
(81,340,0,1)
(-467,358,0,1)
(-403,-497,0,1)
(-320,251,0,1)
(444,-144,0,1)
(176,-251,0,1)
(-210,395,0,1)
(-195,-146,0,1)
(-83,35,0,1)
(408,113,0,1)
(-306,316,0,1)
(382,311,0,1)
(-64,-367,0,1)
(395,-211,0,1)
(-377,-341,0,1)
(-349,204,0,1)
(498,-317,0,1)
(37,-429,0,1)
(-315,216,0,1)
(321,-395,0,1)
(-452,-28,0,1)
(-147,-163,0,1)
(-158,157,0,1)
(190,259,0,1)
(-333,73,0,1)
(-153,-140,0,1)
(-136,-296,0,1)
(-354,300,0,1)
(-164,-484,0,1)
(-436,-41,0,1)
(-326,-285,0,1)
(-362,-352,0,1)
(-103,174,0,1)
(-282,82,0,1)
(-135,-486,0,1)
(186,-88,0,1)
(-15,-486,0,1)
(249,327,0,1)
(170,-86,0,1)
(61,336,0,1)
(487,407,0,1)
(-329,-174,0,1)
(-414,-184,0,1)
(-399,-78,0,1)
(-169,-335,0,1)
(380,4,0,1)
(-121,151,0,1)
(275,166,0,1)
(368,-168,0,1)
(-494,381,0,1)
(-82,-158,0,1)
(-494,-358,0,1)
(-356,175,0,1)
(55,204,0,1)
(-14,17,0,1)
(86,156,0,1)
(343,171,0,1)
(471,443,0,1)
(-432,-223,0,1)
(-417,447,0,1)
(281,-39,0,1)
(439,-93,0,1)
(-288,80,0,1)
(-249,43,0,1)
(86,-393,0,1)
(36,-52,0,1)
(41,-380,0,1)
(91,-308,0,1)
(174,-230,0,1)
(177,-333,0,1)
(355,-191,0,1)
(2,-245,0,1)
(427,69,0,1)
(32,-8,0,1)
(-212,-54,0,1)
(-94,194,0,1)
(157,486,0,1)
(444,-324,0,1)
(47,-473,0,1)
(211,25,0,1)
(-26,-273,0,1)
(144,-459,0,1)
(-82,-207,0,1)
(-190,-429,0,1)
(-41,-359,0,1)
(-121,-57,0,1)
(142,133,0,1)
(-154,-314,0,1)
(-360,-169,0,1)
(177,-73,0,1)
(276,-441,0,1)
(-403,-91,0,1)
(-480,-484,0,1)
(84,66,0,1)
(-458,-230,0,1)
(-434,16,0,1)
(-4,209,0,1)
(56,414,0,1)
(365,484,0,1)
(-64,-162,0,1)
(378,122,0,1)
(470,-301,0,1)
(308,-414,0,1)
(29,-40,0,1)
(12,-219,0,1)
(18,108,0,1)
(189,37,0,1)
(124,-252,0,1)
(-422,165,0,1)
(17,-357,0,1)
(-344,351,0,1)
(211,401,0,1)
(328,52,0,1)
(360,-261,0,1)
(32,-327,0,1)
(-408,-370,0,1)
(-381,-209,0,1)
(437,-296,0,1)
(319,-128,0,1)
(215,-425,0,1)
(390,-201,0,1)
(263,-98,0,1)
(422,-20,0,1)
(62,2,0,1)
(122,218,0,1)
(-10,-51,0,1)
(-96,-134,0,1)
(-248,455,0,1)
(-298,-10,0,1)
(-37,-126,0,1)
(81,92,0,1)
(-8,371,0,1)
(4,195,0,1)
(166,375,0,1)
(-114,240,0,1)
(240,184,0,1)
(-21,-382,0,1)
(81,-36,0,1)
(97,-382,0,1)
(466,-306,0,1)
(335,-69,0,1)
(142,-285,0,1)
(296,393,0,1)
(-355,497,0,1)
(-142,107,0,1)
(-153,439,0,1)
(-326,338,0,1)
(285,177,0,1)
(9,-74,0,1)
(28,394,0,1)
(-358,-257,0,1)
(53,120,0,1)
(-140,-391,0,1)
(-441,456,0,1)
(-274,-374,0,1)
(-463,-70,0,1)
(267,-249,0,1)
(-298,136,0,1)
(-105,-326,0,1)
(493,20,0,1)
(407,-349,0,1)
(-166,168,0,1)
(328,342,0,1)
(-431,-169,0,1)
(211,-290,0,1)
(73,-261,0,1)
(329,433,0,1)
(-153,388,0,1)
(364,72,0,1)
(387,489,0,1)
(108,-207,0,1)
(232,358,0,1)
(-6,-157,0,1)
(-271,167,0,1)
(-189,-294,0,1)
(-337,-306,0,1)
(-144,-4,0,1)
(361,-341,0,1)
(-187,429,0,1)
(-11,-385,0,1)
(-462,-263,0,1)
(443,470,0,1)
(83,306,0,1)
(309,-370,0,1)
(169,274,0,1)
(238,461,0,1)
(-19,71,0,1)
(-70,323,0,1)
(299,-428,0,1)
(-391,-266,0,1)
(-198,-164,0,1)
(229,-362,0,1)
(-6,-483,0,1)
(-457,483,0,1)
(-485,-343,0,1)
(-249,-425,0,1)
(465,333,0,1)
(381,249,0,1)
(463,25,0,1)
(-2,176,0,1)
(-39,478,0,1)
(-278,390,0,1)
(276,461,0,1)
(385,-329,0,1)
(-338,-189,0,1)
(399,-200,0,1)
(305,416,0,1)
(-158,263,0,1)
(430,-2,0,1)
(258,-343,0,1)
(72,198,0,1)
(489,-72,0,1)
(-78,427,0,1)
(452,420,0,1)
(78,-112,0,1)
(373,300,0,1)
(-247,125,0,1)
(296,-310,0,1)
(-15,271,0,1)
(-140,146,0,1)
(-442,-266,0,1)
(445,362,0,1)
(-375,-238,0,1)
(100,-469,0,1)
(259,-167,0,1)
(-313,-193,0,1)
(-494,-349,0,1)
(234,-73,0,1)
(-446,162,0,1)
(-178,131,0,1)
(-475,-329,0,1)
(-94,-222,0,1)
(295,-323,0,1)
(-33,-245,0,1)
(448,326,0,1)
(400,-465,0,1)
(321,342,0,1)
(-340,-442,0,1)
(-83,-310,0,1)
(317,249,0,1)
(-124,-401,0,1)
(254,26,0,1)
(332,-344,0,1)
(79,-31,0,1)
(-22,-314,0,1)
(-6,148,0,1)
(91,271,0,1)
(-82,268,0,1)
(-287,172,0,1)
(191,-486,0,1)
(47,171,0,1)
(-452,-157,0,1)
(-12,-293,0,1)
(-99,404,0,1)
(-104,-307,0,1)
(128,271,0,1)
(-209,-143,0,1)
(-227,-402,0,1)
(12,351,0,1)
(67,489,0,1)
(-488,-464,0,1)
(112,103,0,1)
(306,-495,0,1)
(-154,176,0,1)
(-488,-493,0,1)
(-301,182,0,1)
(-446,41,0,1)
(-355,-239,0,1)
(441,-476,0,1)
(156,-391,0,1)
(151,-97,0,1)
(-101,175,0,1)
(-3,-6,0,1)
(1,-461,0,1)
(-41,13,0,1)
(-426,-454,0,1)
(-409,379,0,1)
(-449,-64,0,1)
(372,226,0,1)
(-53,378,0,1)
(424,-396,0,1)
(431,-59,0,1)
(-252,-333,0,1)
(-143,-229,0,1)
(323,-34,0,1)
(421,-299,0,1)
(364,403,0,1)
(375,-164,0,1)
(-128,-149,0,1)
(-126,330,0,1)
(363,-53,0,1)
(376,453,0,1)
(-199,426,0,1)
(-136,-352,0,1)
(127,310,0,1)
(-499,27,0,1)
(413,432,0,1)
(467,-364,0,1)
(-426,-201,0,1)
(-94,396,0,1)
(264,-198,0,1)
(-428,104,0,1)
(-320,446,0,1)
(439,52,0,1)
(-227,-211,0,1)
(-143,-389,0,1)
(235,-292,0,1)
(-460,-488,0,1)
(-391,-97,0,1)
(-341,236,0,1)
(-311,-340,0,1)
(-262,-423,0,1)
(-433,-320,0,1)
(-287,-360,0,1)
(-22,118,0,1)
(-488,-282,0,1)
(420,-417,0,1)
(321,-425,0,1)
(-495,235,0,1)
(126,-223,0,1)
(483,-113,0,1)
(234,-334,0,1)
(-74,245,0,1)
(-225,329,0,1)
(403,-462,0,1)
(-277,-431,0,1)
(-396,-98,0,1)
(-219,-256,0,1)
(379,399,0,1)
(-245,-428,0,1)
(294,-163,0,1)
(392,368,0,1)
(-159,103,0,1)
(-30,117,0,1)
(101,-72,0,1)
(-190,93,0,1)
(-95,-470,0,1)
(367,-291,0,1)
(433,352,0,1)
(-299,470,0,1)
(-450,-230,0,1)
(-450,-49,0,1)
(50,-207,0,1)
(-194,-76,0,1)
(47,-123,0,1)
(-307,383,0,1)
(-255,-463,0,1)
(-300,347,0,1)
(6,316,0,1)
(-77,433,0,1)
(295,233,0,1)
(1,-324,0,1)
(262,-156,0,1)
(-116,170,0,1)
(-329,85,0,1)
(116,-279,0,1)
(354,165,0,1)
(171,-121,0,1)
(457,476,0,1)
(303,-21,0,1)
(-171,495,0,1)
(-163,73,0,1)
(-493,36,0,1)
(-105,12,0,1)
(-172,317,0,1)
(-80,-402,0,1)
(25,421,0,1)
(-227,-237,0,1)
(-260,157,0,1)
(432,-90,0,1)
(-283,23,0,1)
(130,-454,0,1)
(-337,-223,0,1)
(-76,-405,0,1)
(-272,-298,0,1)
(73,56,0,1)
(-327,410,0,1)
(-396,-321,0,1)
(-79,-2,0,1)
(191,248,0,1)
(-209,-414,0,1)
(346,315,0,1)
(-406,-447,0,1)
(-279,250,0,1)
(485,131,0,1)
(466,-17,0,1)
(-264,146,0,1)
(12,-89,0,1)
(240,240,0,1)
(112,-211,0,1)
(-229,284,0,1)
(-326,-125,0,1)
(463,94,0,1)
(372,129,0,1)
(-182,-362,0,1)
(214,-361,0,1)
(453,196,0,1)
(-268,416,0,1)
(482,465,0,1)
(22,423,0,1)
(-76,258,0,1)
(410,-455,0,1)
(-255,-204,0,1)
(284,484,0,1)
(407,-452,0,1)
(-269,167,0,1)
(-279,105,0,1)
(105,315,0,1)
(-48,-291,0,1)
(-392,90,0,1)
(422,-254,0,1)
(18,93,0,1)
(-23,-2,0,1)
(-15,-66,0,1)
(-61,-167,0,1)
(362,239,0,1)
(-282,406,0,1)
(484,13,0,1)
(165,443,0,1)
(-105,213,0,1)
(-351,-463,0,1)
(433,253,0,1)
(141,223,0,1)
(-319,349,0,1)
(330,270,0,1)
(247,-449,0,1)
(-237,-185,0,1)
(28,260,0,1)
(299,461,0,1)
(-326,281,0,1)
(-231,-489,0,1)
(-5,-14,0,1)
(416,-46,0,1)
(498,57,0,1)
(-127,-131,0,1)
(-255,21,0,1)
(-95,-347,0,1)
(-250,-478,0,1)
(376,-70,0,1)
(370,181,0,1)
(-325,92,0,1)
(232,-63,0,1)
(407,-265,0,1)
(-328,181,0,1)
(-329,-154,0,1)
(-63,-60,0,1)
(-144,432,0,1)
(425,-252,0,1)
(-139,399,0,1)
(304,233,0,1)
(-257,-476,0,1)
(-270,147,0,1)
(-324,-21,0,1)
(168,-473,0,1)
(408,14,0,1)
(208,-442,0,1)
(-419,-85,0,1)
(-6,487,0,1)
(149,165,0,1)
(144,319,0,1)
(-444,-266,0,1)
(-158,487,0,1)
(-365,89,0,1)
(-176,-491,0,1)
(-132,-468,0,1)
(-249,-109,0,1)
(-239,397,0,1)
(66,239,0,1)
(41,93,0,1)
(122,-470,0,1)
(-224,179,0,1)
(-390,190,0,1)
(-352,-427,0,1)
(-186,313,0,1)
(216,-392,0,1)
(298,271,0,1)
(-158,-385,0,1)
(234,-24,0,1)
(203,-467,0,1)
(-16,-454,0,1)
(-436,234,0,1)
(-64,-175,0,1)
(106,-461,0,1)
(-378,70,0,1)
(161,-349,0,1)
(345,-185,0,1)
(-239,10,0,1)
(-37,-167,0,1)
(323,-249,0,1)
(-476,430,0,1)
(-476,294,0,1)
(-253,-361,0,1)
(3,222,0,1)
(341,35,0,1)
(-319,387,0,1)
(99,414,0,1)
(-202,423,0,1)
(-4,-225,0,1)
(461,117,0,1)
(344,97,0,1)
(268,164,0,1)
(412,-496,0,1)
(-351,-150,0,1)
(-164,471,0,1)
(100,-141,0,1)
(377,123,0,1)
(-372,-401,0,1)
(261,131,0,1)
(321,78,0,1)
(-359,-60,0,1)
(239,391,0,1)
(237,137,0,1)
(-138,74,0,1)
(478,331,0,1)
(-354,221,0,1)
(-29,-467,0,1)
(224,119,0,1)
(-118,-465,0,1)
(66,481,0,1)
(-107,-82,0,1)
(80,21,0,1)
(16,-184,0,1)
(-373,-188,0,1)
(393,-233,0,1)
(-211,-192,0,1)
(-345,-479,0,1)
(118,16,0,1)
(-492,-333,0,1)
(-31,338,0,1)
(-187,-334,0,1)
(-216,-155,0,1)
(389,403,0,1)
(227,424,0,1)
(-56,183,0,1)
(-208,361,0,1)
(-262,312,0,1)
(-148,54,0,1)
(438,164,0,1)
(-78,-319,0,1)
(452,230,0,1)
(-338,-418,0,1)
(250,279,0,1)
(97,257,0,1)
(446,-459,0,1)
(70,-266,0,1)
(-294,354,0,1)
(78,-429,0,1)
(232,-220,0,1)
(494,-349,0,1)
(463,-239,0,1)
(-324,-451,0,1)
(-162,229,0,1)
(486,-373,0,1)
(-358,428,0,1)
(356,-197,0,1)
(81,-442,0,1)
(81,-187,0,1)
(122,382,0,1)
(-288,327,0,1)
(211,289,0,1)
(397,-82,0,1)
(-455,366,0,1)
(68,-397,0,1)
(54,-342,0,1)
(-349,392,0,1)
(387,-388,0,1)
(368,-246,0,1)
(272,344,0,1)
(56,256,0,1)
(-100,113,0,1)
(-187,212,0,1)
(91,434,0,1)
(69,302,0,1)
(236,-244,0,1)
(67,109,0,1)
(173,111,0,1)
(-50,-283,0,1)
(93,52,0,1)
(270,250,0,1)
(202,137,0,1)
(112,314,0,1)
(-19,100,0,1)
(-457,-272,0,1)
(-81,98,0,1)
(483,318,0,1)
(-313,-229,0,1)
(5,277,0,1)
(-320,-450,0,1)
(55,416,0,1)
(-195,-403,0,1)
(0,477,0,1)
(207,449,0,1)
(-331,-225,0,1)
(-23,439,0,1)
(-346,51,0,1)
(112,467,0,1)
(-493,-313,0,1)
(-266,106,0,1)
(83,-307,0,1)
(-101,269,0,1)
(-37,404,0,1)
(21,143,0,1)
(453,-449,0,1)
(34,-267,0,1)
(-353,-491,0,1)
(-315,353,0,1)
(457,-146,0,1)
(-397,-91,0,1)
(-232,-397,0,1)
(63,318,0,1)
(214,5,0,1)
(325,400,0,1)
(-10,-466,0,1)
(-19,-452,0,1)
(-274,380,0,1)
(316,189,0,1)
(259,-188,0,1)
(-193,187,0,1)
(-137,340,0,1)
(419,9,0,1)
(348,-421,0,1)
(-162,280,0,1)
(-68,-60,0,1)
(-335,199,0,1)
(42,227,0,1)
(-7,-269,0,1)
(-293,-207,0,1)
(-393,196,0,1)
(-174,87,0,1)
(243,52,0,1)
(-58,34,0,1)
(-284,-324,0,1)
(346,22,0,1)
(362,-316,0,1)
(-163,256,0,1)
(192,-340,0,1)
(335,-495,0,1)
(439,-258,0,1)
(-55,-421,0,1)
(441,486,0,1)
(305,-91,0,1)
(-307,201,0,1)
(-201,183,0,1)
(-498,385,0,1)
(-98,53,0,1)
(-197,435,0,1)
(268,-22,0,1)
(256,-235,0,1)
(-184,439,0,1)
(101,-453,0,1)
(107,260,0,1)
(381,111,0,1)
(175,-401,0,1)
(-469,253,0,1)
(-485,34,0,1)
(-77,-315,0,1)
(21,-401,0,1)
(-17,-321,0,1)
(-400,-157,0,1)
(80,153,0,1)
(145,-9,0,1)
(-104,-401,0,1)
(-278,161,0,1)
(-86,-363,0,1)
(-263,-40,0,1)
(243,497,0,1)
(-183,-171,0,1)
(147,-85,0,1)
(-140,-125,0,1)
(-71,-148,0,1)
(408,351,0,1)
(36,-96,0,1)
(449,83,0,1)
(-476,-164,0,1)
(-362,176,0,1)
(481,128,0,1)
(-452,-445,0,1)
(350,208,0,1)
(-32,486,0,1)
(444,427,0,1)
(204,416,0,1)
(-281,-492,0,1)
(38,133,0,1)
(-133,413,0,1)
(-463,218,0,1)
(296,387,0,1)
(-271,-324,0,1)
(311,-278,0,1)
(258,335,0,1)
(58,395,0,1)
(-14,14,0,1)
(-1,33,0,1)
(68,-176,0,1)
(-284,-489,0,1)
(-215,-364,0,1)
(437,488,0,1)
(-473,-368,0,1)
(495,65,0,1)
(264,-162,0,1)
(-47,301,0,1)
(-469,-276,0,1)
(163,-240,0,1)
(-101,-50,0,1)
(-19,-368,0,1)
(-240,-486,0,1)
(-497,245,0,1)
(27,1,0,1)
(-246,-430,0,1)
(324,-31,0,1)
(-420,-416,0,1)
(104,-453,0,1)
(131,-376,0,1)
(-483,-329,0,1)
(387,-146,0,1)
(123,163,0,1)
(-115,346,0,1)
(-198,144,0,1)
(-279,251,0,1)
(-400,-148,0,1)
(-386,-146,0,1)
(230,140,0,1)
(354,483,0,1)
(210,153,0,1)
(-72,289,0,1)
(236,-493,0,1)
(281,282,0,1)
(137,404,0,1)
(299,307,0,1)
(267,-372,0,1)
(-95,-95,0,1)
(12,-273,0,1)
(206,-369,0,1)
(-53,-68,0,1)
(-269,298,0,1)
(-83,-156,0,1)
(-372,-377,0,1)
(483,481,0,1)
(-419,168,0,1)
(110,8,0,1)
(-67,-179,0,1)
(15,-311,0,1)
(-421,-373,0,1)
(-431,377,0,1)
(434,335,0,1)
(-186,-285,0,1)
(-8,40,0,1)
(421,122,0,1)
(486,-172,0,1)
(352,260,0,1)
(245,-329,0,1)
(387,367,0,1)
(-370,343,0,1)
(447,297,0,1)
(-72,-69,0,1)
(-295,249,0,1)
(445,-106,0,1)
(327,-453,0,1)
(-38,179,0,1)
(480,-228,0,1)
(158,-230,0,1)
(-14,-375,0,1)
(309,-118,0,1)
(247,271,0,1)
(210,74,0,1)
(6,-70,0,1)
(245,-132,0,1)
(-228,374,0,1)
(-314,-306,0,1)
(146,114,0,1)
(124,351,0,1)
(-162,44,0,1)
(-280,-360,0,1)
(91,181,0,1)
(318,46,0,1)
(452,-49,0,1)
(315,-87,0,1)
(76,100,0,1)
(295,-202,0,1)
(-154,-20,0,1)
(371,351,0,1)
(409,91,0,1)
(-306,-344,0,1)
(-60,-121,0,1)
(-151,-438,0,1)
(492,473,0,1)
(412,-195,0,1)
(-8,-393,0,1)
(-56,-442,0,1)
(287,-263,0,1)
(104,214,0,1)
(188,-106,0,1)
(-398,-261,0,1)
(493,396,0,1)
(36,-186,0,1)
(-149,-118,0,1)
(-360,-265,0,1)
(473,-167,0,1)
(-110,-112,0,1)
(212,239,0,1)
(-51,179,0,1)
(187,-164,0,1)
(484,-346,0,1)
(-58,-97,0,1)
(-288,-296,0,1)
(140,315,0,1)
(417,-197,0,1)
(-316,41,0,1)
(-347,390,0,1)
(-448,-34,0,1)
(-283,-67,0,1)
(106,-49,0,1)
(-119,438,0,1)
(341,269,0,1)
(125,55,0,1)
(-307,-220,0,1)
(-283,29,0,1)
(-261,-130,0,1)
(470,141,0,1)
