(-452,	84,	0,	1)
(415,	21,	0,	1)
(-491,	-424,	0,	1)
(-269,	271,	0,	1)
(1,	-267,	0,	1)
(486,	252,	0,	1)
(-79,	-392,	0,	1)
(88,	128,	0,	1)
(96,	332,	0,	1)
(377,	337,	0,	1)
(-401,	-440,	0,	1)
(-452,	275,	0,	1)
(39,	83,	0,	1)
(292,	251,	0,	1)
(338,	104,	0,	1)
(298,	330,	0,	1)
(-336,	188,	0,	1)
(-173,	-328,	0,	1)
(263,	57,	0,	1)
(442,	-261,	0,	1)
(289,	403,	0,	1)
(490,	-314,	0,	1)
(54,	313,	0,	1)
(81,	-139,	0,	1)
(165,	-107,	0,	1)
(-40,	225,	0,	1)
(-60,	-290,	0,	1)
(-261,	489,	0,	1)
(336,	81,	0,	1)
(262,	142,	0,	1)
(244,	-75,	0,	1)
(468,	415,	0,	1)
(-337,	0,	0,	1)
(333,	-99,	0,	1)
(-235,	211,	0,	1)
(-134,	-50,	0,	1)
(197,	419,	0,	1)
(-262,	-247,	0,	1)
(-244,	403,	0,	1)
(146,	215,	0,	1)
(103,	-439,	0,	1)
(424,	341,	0,	1)
(-441,	400,	0,	1)
(305,	395,	0,	1)
(-44,	42,	0,	1)
(12,	-325,	0,	1)
(466,	-45,	0,	1)
(-434,	-396,	0,	1)
(454,	398,	0,	1)
(4,	-306,	0,	1)
(84,	369,	0,	1)
(143,	-244,	0,	1)
(264,	381,	0,	1)
(9,	259,	0,	1)
(-370,	209,	0,	1)
(-163,	-310,	0,	1)
(108,	-347,	0,	1)
(-251,	-17,	0,	1)
(457,	-381,	0,	1)
(439,	-26,	0,	1)
(130,	-411,	0,	1)
(-85,	-440,	0,	1)
(-346,	18,	0,	1)
(-473,	-317,	0,	1)
(111,	365,	0,	1)
(325,	366,	0,	1)
(104,	181,	0,	1)
(-150,	98,	0,	1)
(-85,	-21,	0,	1)
(-218,	251,	0,	1)
(169,	389,	0,	1)
(403,	417,	0,	1)
(-152,	335,	0,	1)
(-489,	-238,	0,	1)
(-216,	140,	0,	1)
(-150,	198,	0,	1)
(199,	4,	0,	1)
(-309,	187,	0,	1)
(30,	-313,	0,	1)
(369,	-384,	0,	1)
(-472,	170,	0,	1)
(482,	131,	0,	1)
(-174,	-193,	0,	1)
(-295,	241,	0,	1)
(286,	-14,	0,	1)
(-33,	-70,	0,	1)
(-149,	-154,	0,	1)
(-178,	198,	0,	1)
(-344,	-168,	0,	1)
(459,	-60,	0,	1)
(471,	-216,	0,	1)
(-387,	145,	0,	1)
(287,	-196,	0,	1)
(-193,	-207,	0,	1)
(-10,	-348,	0,	1)
(-92,	17,	0,	1)
(321,	-135,	0,	1)
(-376,	-378,	0,	1)
(172,	-172,	0,	1)
(362,	-67,	0,	1)
(313,	-195,	0,	1)
(362,	-361,	0,	1)
(150,	-341,	0,	1)
(336,	305,	0,	1)
(-10,	270,	0,	1)
(-280,	-64,	0,	1)
(-470,	-167,	0,	1)
(-444,	316,	0,	1)
(136,	-138,	0,	1)
(-416,	-399,	0,	1)
(13,	-8,	0,	1)
(118,	-191,	0,	1)
(356,	241,	0,	1)
(-69,	3,	0,	1)
(-456,	-232,	0,	1)
(435,	356,	0,	1)
(72,	272,	0,	1)
(495,	-303,	0,	1)
(430,	306,	0,	1)
(-105,	52,	0,	1)
(-303,	330,	0,	1)
(81,	29,	0,	1)
(385,	-128,	0,	1)
(-360,	-277,	0,	1)
(-44,	-259,	0,	1)
(235,	447,	0,	1)
(358,	-480,	0,	1)
(278,	74,	0,	1)
(-50,	-243,	0,	1)
(117,	217,	0,	1)
(-333,	-52,	0,	1)
(-235,	439,	0,	1)
(-82,	-39,	0,	1)
(344,	-300,	0,	1)
(-62,	-285,	0,	1)
(251,	135,	0,	1)
(-480,	-193,	0,	1)
(-361,	405,	0,	1)
(178,	-221,	0,	1)
(-397,	-391,	0,	1)
(19,	337,	0,	1)
(-469,	-148,	0,	1)
(356,	309,	0,	1)
(425,	-219,	0,	1)
(-459,	17,	0,	1)
(498,	-293,	0,	1)
(464,	-262,	0,	1)
(-379,	-142,	0,	1)
(198,	465,	0,	1)
(57,	-388,	0,	1)
(-345,	-217,	0,	1)
(246,	-326,	0,	1)
(89,	384,	0,	1)
(-446,	-258,	0,	1)
(-362,	-344,	0,	1)
(-149,	156,	0,	1)
(493,	-119,	0,	1)
(324,	-335,	0,	1)
(407,	-419,	0,	1)
(-295,	-101,	0,	1)
(-446,	-88,	0,	1)
(-161,	-209,	0,	1)
(32,	196,	0,	1)
(488,	-28,	0,	1)
(-272,	-425,	0,	1)
(126,	10,	0,	1)
(320,	300,	0,	1)
(-426,	180,	0,	1)
(353,	-185,	0,	1)
(317,	165,	0,	1)
(-51,	477,	0,	1)
(-478,	-69,	0,	1)
(276,	-314,	0,	1)
(-186,	356,	0,	1)
(-109,	212,	0,	1)
(409,	302,	0,	1)
(-474,	-325,	0,	1)
(-191,	221,	0,	1)
(-361,	281,	0,	1)
(448,	-287,	0,	1)
(-118,	-67,	0,	1)
(-491,	-343,	0,	1)
(6,	188,	0,	1)
(321,	-20,	0,	1)
(494,	-39,	0,	1)
(428,	446,	0,	1)
(-18,	-165,	0,	1)
(197,	168,	0,	1)
(148,	29,	0,	1)
(-466,	-165,	0,	1)
(-87,	335,	0,	1)
(-139,	88,	0,	1)
(-381,	-443,	0,	1)
(226,	399,	0,	1)
(438,	-243,	0,	1)
(-87,	446,	0,	1)
(-87,	419,	0,	1)
(109,	-102,	0,	1)
(215,	-435,	0,	1)
(-133,	-349,	0,	1)
(492,	-212,	0,	1)
(133,	-198,	0,	1)
(485,	-224,	0,	1)
(449,	-11,	0,	1)
(-191,	-240,	0,	1)
(401,	-381,	0,	1)
(120,	-36,	0,	1)
(-263,	176,	0,	1)
(-335,	-388,	0,	1)
(156,	-421,	0,	1)
(-132,	-455,	0,	1)
(280,	463,	0,	1)
(109,	-346,	0,	1)
(153,	173,	0,	1)
(20,	303,	0,	1)
(140,	308,	0,	1)
(-89,	442,	0,	1)
(268,	186,	0,	1)
(366,	-268,	0,	1)
(494,	-399,	0,	1)
(-392,	-412,	0,	1)
(220,	72,	0,	1)
(-175,	-128,	0,	1)
(236,	-64,	0,	1)
(-497,	314,	0,	1)
(303,	-453,	0,	1)
(314,	58,	0,	1)
(-102,	211,	0,	1)
(137,	-454,	0,	1)
(-293,	-84,	0,	1)
(185,	326,	0,	1)
(102,	257,	0,	1)
(-12,	-56,	0,	1)
(488,	-43,	0,	1)
(44,	-429,	0,	1)
(45,	-260,	0,	1)
(142,	369,	0,	1)
(111,	-146,	0,	1)
(-220,	113,	0,	1)
(-357,	-442,	0,	1)
(160,	456,	0,	1)
(115,	144,	0,	1)
(-171,	-198,	0,	1)
(-243,	-126,	0,	1)
(8,	172,	0,	1)
(-465,	-3,	0,	1)
(-27,	136,	0,	1)
(-271,	460,	0,	1)
(-445,	-308,	0,	1)
(-107,	99,	0,	1)
(-238,	437,	0,	1)
(338,	404,	0,	1)
(281,	-76,	0,	1)
(-267,	-464,	0,	1)
(-488,	-125,	0,	1)
(-407,	171,	0,	1)
(-193,	207,	0,	1)
(-209,	135,	0,	1)
(47,	-9,	0,	1)
(-306,	-481,	0,	1)
(487,	166,	0,	1)
(154,	-309,	0,	1)
(102,	209,	0,	1)
(-118,	494,	0,	1)
(-217,	144,	0,	1)
(406,	-404,	0,	1)
(23,	162,	0,	1)
(19,	255,	0,	1)
(197,	30,	0,	1)
(-395,	289,	0,	1)
(-323,	-89,	0,	1)
(-29,	-33,	0,	1)
(-478,	-45,	0,	1)
(-494,	445,	0,	1)
(-318,	-476,	0,	1)
(408,	347,	0,	1)
(177,	-426,	0,	1)
(-76,	-139,	0,	1)
(-44,	-107,	0,	1)
(143,	-425,	0,	1)
(-226,	238,	0,	1)
(97,	435,	0,	1)
(-268,	-173,	0,	1)
(107,	262,	0,	1)
(-69,	-129,	0,	1)
(438,	342,	0,	1)
(342,	-120,	0,	1)
(363,	-228,	0,	1)
(-132,	368,	0,	1)
(-308,	49,	0,	1)
(391,	-425,	0,	1)
(-129,	43,	0,	1)
(-351,	295,	0,	1)
(404,	104,	0,	1)
(-337,	22,	0,	1)
(178,	-63,	0,	1)
(-264,	-250,	0,	1)
(-153,	-33,	0,	1)
(76,	454,	0,	1)
(-296,	-200,	0,	1)
(-383,	323,	0,	1)
(-383,	-4,	0,	1)
(161,	-112,	0,	1)
(363,	4,	0,	1)
(80,	-113,	0,	1)
(-130,	154,	0,	1)
(258,	413,	0,	1)
(302,	28,	0,	1)
(292,	-119,	0,	1)
(190,	-211,	0,	1)
(-466,	-398,	0,	1)
(24,	-217,	0,	1)
(-51,	491,	0,	1)
(358,	-122,	0,	1)
(-330,	340,	0,	1)
(177,	-213,	0,	1)
(138,	294,	0,	1)
(282,	-225,	0,	1)
(-343,	121,	0,	1)
(278,	236,	0,	1)
(-376,	-134,	0,	1)
(240,	-488,	0,	1)
(-357,	-257,	0,	1)
(303,	24,	0,	1)
(433,	-433,	0,	1)
(57,	-490,	0,	1)
(91,	340,	0,	1)
(-42,	57,	0,	1)
(173,	335,	0,	1)
(226,	-12,	0,	1)
(-12,	-398,	0,	1)
(-243,	270,	0,	1)
(-124,	-87,	0,	1)
(-134,	-371,	0,	1)
(-375,	-152,	0,	1)
(-248,	-10,	0,	1)
(-436,	-237,	0,	1)
(132,	-194,	0,	1)
(-459,	-369,	0,	1)
(-286,	-392,	0,	1)
(188,	-276,	0,	1)
(198,	3,	0,	1)
(181,	-270,	0,	1)
(-349,	-8,	0,	1)
(455,	139,	0,	1)
(479,	443,	0,	1)
(240,	-289,	0,	1)
(188,	-409,	0,	1)
(123,	-471,	0,	1)
(-281,	247,	0,	1)
(-124,	-29,	0,	1)
(-288,	-61,	0,	1)
(233,	344,	0,	1)
(245,	274,	0,	1)
(474,	458,	0,	1)
(381,	137,	0,	1)
(-343,	54,	0,	1)
(-385,	338,	0,	1)
(283,	-234,	0,	1)
(-195,	213,	0,	1)
(404,	-241,	0,	1)
(131,	119,	0,	1)
(-31,	-206,	0,	1)
(209,	-433,	0,	1)
(-178,	427,	0,	1)
(314,	198,	0,	1)
(-127,	-499,	0,	1)
(-388,	-418,	0,	1)
(344,	356,	0,	1)
(355,	294,	0,	1)
(290,	211,	0,	1)
(-94,	446,	0,	1)
(-260,	21,	0,	1)
(259,	286,	0,	1)
(-461,	210,	0,	1)
(165,	-203,	0,	1)
(-183,	-241,	0,	1)
(265,	110,	0,	1)
(467,	332,	0,	1)
(432,	369,	0,	1)
(121,	105,	0,	1)
(-282,	121,	0,	1)
(216,	-201,	0,	1)
(-59,	48,	0,	1)
(-371,	-290,	0,	1)
(-187,	339,	0,	1)
(115,	-266,	0,	1)
(-446,	-389,	0,	1)
(493,	-449,	0,	1)
(396,	-493,	0,	1)
(260,	36,	0,	1)
(-196,	-448,	0,	1)
(294,	-456,	0,	1)
(162,	236,	0,	1)
(375,	69,	0,	1)
(81,	-29,	0,	1)
(-351,	298,	0,	1)
(-432,	364,	0,	1)
(-428,	8,	0,	1)
(-113,	-300,	0,	1)
(217,	199,	0,	1)
(-486,	-193,	0,	1)
(433,	-433,	0,	1)
(-82,	401,	0,	1)
(-383,	-211,	0,	1)
(407,	376,	0,	1)
(325,	-314,	0,	1)
(428,	94,	0,	1)
(-270,	65,	0,	1)
(-194,	-420,	0,	1)
(-391,	386,	0,	1)
(51,	-243,	0,	1)
(159,	118,	0,	1)
(-404,	230,	0,	1)
(-399,	-17,	0,	1)
(429,	317,	0,	1)
(-343,	442,	0,	1)
(-401,	-435,	0,	1)
(16,	465,	0,	1)
(-400,	305,	0,	1)
(348,	475,	0,	1)
(105,	-491,	0,	1)
(378,	-326,	0,	1)
(-262,	-82,	0,	1)
(-21,	-182,	0,	1)
(26,	-160,	0,	1)
(368,	282,	0,	1)
(498,	-39,	0,	1)
(378,	203,	0,	1)
(61,	-164,	0,	1)
(107,	-147,	0,	1)
(-8,	24,	0,	1)
(-49,	57,	0,	1)
(7,	467,	0,	1)
(-3,	106,	0,	1)
(247,	-180,	0,	1)
(57,	-173,	0,	1)
(-171,	-90,	0,	1)
(0,	66,	0,	1)
(328,	479,	0,	1)
(383,	-171,	0,	1)
(-206,	226,	0,	1)
(-413,	-232,	0,	1)
(-338,	464,	0,	1)
(470,	222,	0,	1)
(-225,	53,	0,	1)
(-450,	266,	0,	1)
(-448,	1,	0,	1)
(-202,	59,	0,	1)
(-57,	295,	0,	1)
(-360,	-335,	0,	1)
(-410,	196,	0,	1)
(-9,	-82,	0,	1)
(-418,	490,	0,	1)
(484,	409,	0,	1)
(444,	342,	0,	1)
(-287,	-286,	0,	1)
(44,	-201,	0,	1)
(-19,	205,	0,	1)
(-262,	-74,	0,	1)
(-97,	12,	0,	1)
(478,	-48,	0,	1)
(-246,	-494,	0,	1)
(452,	51,	0,	1)
(64,	-130,	0,	1)
(-179,	203,	0,	1)
(34,	-89,	0,	1)
(-125,	328,	0,	1)
(-44,	490,	0,	1)
(287,	-160,	0,	1)
(409,	105,	0,	1)
(52,	-402,	0,	1)
(-376,	351,	0,	1)
(78,	328,	0,	1)
(-436,	-294,	0,	1)
(76,	457,	0,	1)
(158,	329,	0,	1)
(462,	85,	0,	1)
(-145,	1,	0,	1)
(455,	176,	0,	1)
(-320,	-36,	0,	1)
(-438,	54,	0,	1)
(-36,	389,	0,	1)
(-71,	152,	0,	1)
(-176,	-187,	0,	1)
(-268,	375,	0,	1)
(-89,	-145,	0,	1)
(201,	488,	0,	1)
(-342,	265,	0,	1)
(467,	-136,	0,	1)
(-184,	400,	0,	1)
(-380,	337,	0,	1)
(81,	-26,	0,	1)
(-186,	11,	0,	1)
(-375,	-7,	0,	1)
(475,	-314,	0,	1)
(-478,	-86,	0,	1)
(-449,	-494,	0,	1)
(342,	202,	0,	1)
(-171,	-370,	0,	1)
(433,	-321,	0,	1)
(40,	-237,	0,	1)
(380,	4,	0,	1)
(-80,	120,	0,	1)
(-54,	283,	0,	1)
(435,	-179,	0,	1)
(279,	-470,	0,	1)
(-366,	-164,	0,	1)
(3,	-53,	0,	1)
(346,	128,	0,	1)
(439,	296,	0,	1)
(313,	460,	0,	1)
(-315,	363,	0,	1)
(465,	-498,	0,	1)
(40,	-231,	0,	1)
(-368,	-52,	0,	1)
(-53,	171,	0,	1)
(210,	-198,	0,	1)
(-350,	-394,	0,	1)
(421,	96,	0,	1)
(388,	331,	0,	1)
(416,	143,	0,	1)
(360,	-475,	0,	1)
(478,	-161,	0,	1)
(-29,	299,	0,	1)
(466,	-115,	0,	1)
(71,	254,	0,	1)
(-180,	255,	0,	1)
(93,	-240,	0,	1)
(257,	-392,	0,	1)
(28,	388,	0,	1)
(56,	475,	0,	1)
(34,	-259,	0,	1)
(-248,	184,	0,	1)
(-154,	-351,	0,	1)
(-245,	-290,	0,	1)
(479,	-354,	0,	1)
(352,	315,	0,	1)
(-329,	305,	0,	1)
(-371,	141,	0,	1)
(79,	-430,	0,	1)
(-498,	-375,	0,	1)
(323,	-179,	0,	1)
(380,	-109,	0,	1)
(81,	112,	0,	1)
(-1,	-416,	0,	1)
(-25,	-470,	0,	1)
(-466,	-230,	0,	1)
(-214,	167,	0,	1)
(116,	-66,	0,	1)
(421,	325,	0,	1)
(-112,	-457,	0,	1)
(152,	-322,	0,	1)
(-287,	-68,	0,	1)
(-194,	353,	0,	1)
(-125,	354,	0,	1)
(-389,	-326,	0,	1)
(-349,	490,	0,	1)
(64,	231,	0,	1)
(77,	-462,	0,	1)
(314,	-473,	0,	1)
(-433,	348,	0,	1)
(-490,	-163,	0,	1)
(-391,	177,	0,	1)
(452,	42,	0,	1)
(73,	252,	0,	1)
(429,	115,	0,	1)
(-121,	-417,	0,	1)
(327,	310,	0,	1)
(-112,	156,	0,	1)
(295,	263,	0,	1)
(-15,	405,	0,	1)
(436,	135,	0,	1)
(370,	-25,	0,	1)
(-159,	-78,	0,	1)
(13,	-369,	0,	1)
(-52,	79,	0,	1)
(478,	-42,	0,	1)
(415,	-438,	0,	1)
(-390,	342,	0,	1)
(103,	182,	0,	1)
(69,	7,	0,	1)
(-227,	447,	0,	1)
(89,	-425,	0,	1)
(232,	477,	0,	1)
(230,	3,	0,	1)
(215,	-309,	0,	1)
(-117,	126,	0,	1)
(325,	-271,	0,	1)
(-424,	-358,	0,	1)
(150,	88,	0,	1)
(-228,	-426,	0,	1)
(-357,	-275,	0,	1)
(31,	-467,	0,	1)
(-214,	140,	0,	1)
(375,	388,	0,	1)
(-203,	-81,	0,	1)
(-130,	69,	0,	1)
(-158,	459,	0,	1)
(144,	-451,	0,	1)
(411,	-151,	0,	1)
(51,	101,	0,	1)
(39,	434,	0,	1)
(-298,	-160,	0,	1)
(-362,	-223,	0,	1)
(-19,	287,	0,	1)
(365,	252,	0,	1)
(360,	476,	0,	1)
(-134,	-485,	0,	1)
(-263,	389,	0,	1)
(-400,	-222,	0,	1)
(-216,	-31,	0,	1)
(346,	125,	0,	1)
(-97,	-35,	0,	1)
(173,	-211,	0,	1)
(314,	-300,	0,	1)
(389,	-172,	0,	1)
(-391,	-434,	0,	1)
(167,	-254,	0,	1)
(-157,	-377,	0,	1)
(-492,	-317,	0,	1)
(374,	368,	0,	1)
(-335,	325,	0,	1)
(-291,	-321,	0,	1)
(-463,	-310,	0,	1)
(-456,	-364,	0,	1)
(-33,	-173,	0,	1)
(105,	-212,	0,	1)
(451,	253,	0,	1)
(99,	-228,	0,	1)
(42,	298,	0,	1)
(-364,	369,	0,	1)
(406,	-298,	0,	1)
(12,	-373,	0,	1)
(44,	134,	0,	1)
(-365,	226,	0,	1)
(-16,	390,	0,	1)
(-216,	-314,	0,	1)
(-456,	-179,	0,	1)
(-125,	-413,	0,	1)
(-44,	341,	0,	1)
(-87,	-464,	0,	1)
(-395,	-161,	0,	1)
(-481,	357,	0,	1)
(438,	-210,	0,	1)
(-126,	211,	0,	1)
(-75,	-282,	0,	1)
(93,	126,	0,	1)
(229,	219,	0,	1)
(-355,	-161,	0,	1)
(353,	370,	0,	1)
(322,	330,	0,	1)
(235,	-419,	0,	1)
(279,	-99,	0,	1)
(-134,	365,	0,	1)
(357,	-317,	0,	1)
(-246,	392,	0,	1)
(-213,	92,	0,	1)
(410,	-381,	0,	1)
(5,	-325,	0,	1)
(-8,	-308,	0,	1)
(100,	209,	0,	1)
(284,	-299,	0,	1)
(-86,	-22,	0,	1)
(-154,	252,	0,	1)
(-193,	-309,	0,	1)
(49,	-388,	0,	1)
(426,	129,	0,	1)
(-397,	180,	0,	1)
(-494,	-31,	0,	1)
(20,	362,	0,	1)
(151,	273,	0,	1)
(229,	437,	0,	1)
(-159,	115,	0,	1)
(-469,	345,	0,	1)
(289,	22,	0,	1)
(-488,	-136,	0,	1)
(-294,	295,	0,	1)
(65,	119,	0,	1)
(-251,	410,	0,	1)
(-154,	55,	0,	1)
(-424,	394,	0,	1)
(166,	-1,	0,	1)
(269,	156,	0,	1)
(4,	-287,	0,	1)
(-348,	-159,	0,	1)
(363,	424,	0,	1)
(-455,	275,	0,	1)
(-260,	159,	0,	1)
(305,	-439,	0,	1)
(-76,	-198,	0,	1)
(-428,	287,	0,	1)
(7,	367,	0,	1)
(-173,	-398,	0,	1)
(-409,	-288,	0,	1)
(-53,	145,	0,	1)
(-212,	-183,	0,	1)
(-214,	-236,	0,	1)
(315,	-470,	0,	1)
(420,	-206,	0,	1)
(-258,	-453,	0,	1)
(134,	-420,	0,	1)
(470,	178,	0,	1)
(354,	-314,	0,	1)
(-187,	134,	0,	1)
(-254,	236,	0,	1)
(435,	-183,	0,	1)
(-2,	-82,	0,	1)
(-341,	325,	0,	1)
(19,	-251,	0,	1)
(-488,	465,	0,	1)
(393,	-201,	0,	1)
(-243,	-345,	0,	1)
(63,	-453,	0,	1)
(-316,	-42,	0,	1)
(-160,	-74,	0,	1)
(4,	473,	0,	1)
(5,	-51,	0,	1)
(127,	-165,	0,	1)
(134,	439,	0,	1)
(468,	379,	0,	1)
(150,	379,	0,	1)
(-328,	-377,	0,	1)
(-228,	-170,	0,	1)
(447,	290,	0,	1)
(79,	459,	0,	1)
(230,	-53,	0,	1)
(-267,	487,	0,	1)
(101,	295,	0,	1)
(-491,	285,	0,	1)
(-272,	-151,	0,	1)
(-314,	231,	0,	1)
(-203,	190,	0,	1)
(-344,	423,	0,	1)
(289,	337,	0,	1)
(468,	144,	0,	1)
(-38,	322,	0,	1)
(315,	85,	0,	1)
(-431,	-380,	0,	1)
(7,	358,	0,	1)
(198,	-59,	0,	1)
(63,	-379,	0,	1)
(174,	25,	0,	1)
(221,	-56,	0,	1)
(34,	-19,	0,	1)
(172,	382,	0,	1)
(166,	-122,	0,	1)
(-346,	-168,	0,	1)
(33,	-447,	0,	1)
(-169,	-202,	0,	1)
(389,	-226,	0,	1)
(441,	-173,	0,	1)
(-429,	231,	0,	1)
(411,	-361,	0,	1)
(350,	-107,	0,	1)
(496,	24,	0,	1)
(334,	35,	0,	1)
(144,	-17,	0,	1)
(-465,	-160,	0,	1)
(426,	68,	0,	1)
(321,	73,	0,	1)
(-75,	-38,	0,	1)
(451,	79,	0,	1)
(293,	-41,	0,	1)
(131,	-400,	0,	1)
(256,	-5,	0,	1)
(-127,	172,	0,	1)
(321,	-56,	0,	1)
(-122,	207,	0,	1)
(82,	-296,	0,	1)
(-424,	54,	0,	1)
(227,	409,	0,	1)
(-436,	-154,	0,	1)
(-133,	-402,	0,	1)
(185,	-232,	0,	1)
(166,	-19,	0,	1)
(341,	-434,	0,	1)
(443,	267,	0,	1)
(144,	211,	0,	1)
(-299,	-250,	0,	1)
(310,	457,	0,	1)
(245,	-341,	0,	1)
(104,	41,	0,	1)
(102,	482,	0,	1)
(-276,	-341,	0,	1)
(-339,	-201,	0,	1)
(212,	387,	0,	1)
(-317,	275,	0,	1)
(-292,	49,	0,	1)
(373,	392,	0,	1)
(316,	14,	0,	1)
(-151,	132,	0,	1)
(79,	-233,	0,	1)
(-126,	-301,	0,	1)
(477,	75,	0,	1)
(-52,	263,	0,	1)
(7,	-332,	0,	1)
(421,	-414,	0,	1)
(209,	-2,	0,	1)
(-457,	432,	0,	1)
(156,	-297,	0,	1)
(-294,	-156,	0,	1)
(-435,	-112,	0,	1)
(-406,	-228,	0,	1)
(436,	466,	0,	1)
(-360,	227,	0,	1)
(-45,	-12,	0,	1)
(-165,	-490,	0,	1)
(254,	208,	0,	1)
(-292,	206,	0,	1)
(-242,	155,	0,	1)
(-56,	264,	0,	1)
(323,	-160,	0,	1)
(350,	7,	0,	1)
(337,	392,	0,	1)
(-86,	-31,	0,	1)
(-429,	119,	0,	1)
(312,	-365,	0,	1)
(405,	-93,	0,	1)
(417,	347,	0,	1)
(46,	119,	0,	1)
(-223,	-491,	0,	1)
(453,	-214,	0,	1)
(262,	137,	0,	1)
(-7,	-57,	0,	1)
(394,	-376,	0,	1)
(387,	134,	0,	1)
(446,	-298,	0,	1)
(-41,	-72,	0,	1)
(-485,	-174,	0,	1)
(341,	-17,	0,	1)
(-104,	-65,	0,	1)
(-230,	31,	0,	1)
(-84,	-350,	0,	1)
(437,	-192,	0,	1)
(496,	-42,	0,	1)
(426,	-251,	0,	1)
(-34,	355,	0,	1)
(34,	-297,	0,	1)
(-33,	-497,	0,	1)
(145,	-164,	0,	1)
(-374,	7,	0,	1)
(469,	-453,	0,	1)
(209,	-97,	0,	1)
(-26,	223,	0,	1)
(229,	-210,	0,	1)
(-319,	-400,	0,	1)
(224,	-50,	0,	1)
(130,	-385,	0,	1)
(99,	42,	0,	1)
(-78,	71,	0,	1)
(499,	-177,	0,	1)
(319,	-60,	0,	1)
(-347,	-172,	0,	1)
(142,	119,	0,	1)
(-170,	-237,	0,	1)
(455,	-45,	0,	1)
(269,	399,	0,	1)
(1,	-47,	0,	1)
(-222,	474,	0,	1)
(-349,	-261,	0,	1)
(-169,	-419,	0,	1)
(462,	280,	0,	1)
(211,	-448,	0,	1)
(-145,	-272,	0,	1)
(-27,	425,	0,	1)
(-297,	296,	0,	1)
(219,	142,	0,	1)
(448,	-478,	0,	1)
(-240,	43,	0,	1)
(-148,	22,	0,	1)
(-27,	306,	0,	1)
(-234,	-153,	0,	1)
(-217,	219,	0,	1)
(124,	-268,	0,	1)
(369,	105,	0,	1)
(-29,	-324,	0,	1)
(186,	-92,	0,	1)
(455,	-128,	0,	1)
(-40,	-215,	0,	1)
(99,	432,	0,	1)
(-315,	301,	0,	1)
(203,	403,	0,	1)
(-81,	127,	0,	1)
(425,	178,	0,	1)
(-355,	-248,	0,	1)
(-325,	117,	0,	1)
(-467,	-60,	0,	1)
(463,	-185,	0,	1)
(-366,	63,	0,	1)
(47,	-357,	0,	1)
(-346,	328,	0,	1)
(-100,	-416,	0,	1)
(-325,	359,	0,	1)
(-131,	274,	0,	1)
(267,	53,	0,	1)
(50,	-55,	0,	1)
(-68,	468,	0,	1)
(-453,	-168,	0,	1)
(121,	-309,	0,	1)
(83,	295,	0,	1)
(307,	115,	0,	1)
(-289,	246,	0,	1)
(430,	-156,	0,	1)
(-216,	-48,	0,	1)
(-178,	-74,	0,	1)
(-56,	-25,	0,	1)
(-270,	343,	0,	1)
(59,	-96,	0,	1)
(178,	427,	0,	1)
(-347,	-80,	0,	1)
(-45,	203,	0,	1)
(364,	386,	0,	1)
(146,	411,	0,	1)
(-307,	-257,	0,	1)
(-423,	275,	0,	1)
(-487,	384,	0,	1)
(-134,	-277,	0,	1)
(105,	-229,	0,	1)
(67,	388,	0,	1)
(222,	388,	0,	1)
(-211,	-359,	0,	1)
(-161,	18,	0,	1)
(483,	397,	0,	1)
(422,	136,	0,	1)
(299,	-450,	0,	1)
(-469,	-271,	0,	1)
(252,	395,	0,	1)
(-409,	-126,	0,	1)
(281,	-217,	0,	1)
(116,	357,	0,	1)
(-466,	128,	0,	1)
(216,	-101,	0,	1)
(351,	-204,	0,	1)
(169,	-107,	0,	1)
(-341,	-134,	0,	1)
(-244,	-52,	0,	1)
(6,	94,	0,	1)
(465,	-36,	0,	1)
(-34,	362,	0,	1)
(-424,	-260,	0,	1)
(412,	-394,	0,	1)
(-31,	139,	0,	1)
(59,	256,	0,	1)
(341,	103,	0,	1)
(89,	374,	0,	1)
(-293,	-220,	0,	1)
(-252,	-467,	0,	1)
(76,	416,	0,	1)
(-75,	234,	0,	1)
(-243,	180,	0,	1)
(-343,	262,	0,	1)
(-250,	-402,	0,	1)
(-298,	215,	0,	1)
(459,	-223,	0,	1)
(455,	346,	0,	1)
(-118,	-101,	0,	1)
(-39,	-142,	0,	1)
(457,	-52,	0,	1)
(-411,	273,	0,	1)
(-473,	177,	0,	1)
(123,	-267,	0,	1)
(457,	370,	0,	1)
(-235,	8,	0,	1)
(262,	189,	0,	1)
(-283,	-156,	0,	1)
(-126,	256,	0,	1)
(93,	-29,	0,	1)
(457,	-216,	0,	1)
(-95,	-291,	0,	1)
(-286,	-273,	0,	1)
(90,	112,	0,	1)
(187,	447,	0,	1)
(44,	-390,	0,	1)
(-488,	-208,	0,	1)
(-364,	188,	0,	1)
(414,	-132,	0,	1)
(120,	260,	0,	1)
(132,	-397,	0,	1)
(-3,	-204,	0,	1)
(-180,	-10,	0,	1)
(140,	193,	0,	1)
(-279,	-292,	0,	1)
(-361,	-347,	0,	1)
(-9,	43,	0,	1)
(-139,	204,	0,	1)
(269,	451,	0,	1)
(-209,	-69,	0,	1)
(373,	334,	0,	1)
(41,	384,	0,	1)
(-398,	176,	0,	1)
(48,	-480,	0,	1)
(-357,	250,	0,	1)
(151,	-254,	0,	1)
(-278,	447,	0,	1)
(65,	212,	0,	1)
(62,	-267,	0,	1)
(432,	269,	0,	1)
(-129,	-439,	0,	1)
(-264,	413,	0,	1)
(-79,	439,	0,	1)
(158,	-153,	0,	1)
(-294,	-436,	0,	1)
(-304,	-485,	0,	1)
(104,	-445,	0,	1)
(-384,	-244,	0,	1)
(102,	-393,	0,	1)
(-225,	245,	0,	1)
(356,	425,	0,	1)
(490,	-446,	0,	1)
(347,	30,	0,	1)
(265,	-116,	0,	1)
(262,	172,	0,	1)
(-371,	-392,	0,	1)
(232,	-136,	0,	1)
(-371,	-222,	0,	1)
(153,	-25,	0,	1)
(-17,	217,	0,	1)
(170,	-2,	0,	1)
(-204,	225,	0,	1)
(113,	51,	0,	1)
(-198,	219,	0,	1)
(325,	-478,	0,	1)
(51,	226,	0,	1)
(104,	48,	0,	1)
(16,	-156,	0,	1)
(432,	-247,	0,	1)
(-464,	-140,	0,	1)
(223,	-101,	0,	1)
(-144,	351,	0,	1)
(176,	-199,	0,	1)
(-365,	200,	0,	1)
