-264	190	-200
-378	144	30
-496	213	541
392	-412	669
-105	95	-543
281	279	3
117	-258	-302
153	331	-91
196	-458	368
184	416	203
-97	-70	-566
-332	17	-181
413	-310	442
309	176	-117
-285	-191	-152
191	-50	-467
498	313	760
-431	1	119
460	-436	983
395	30	3
344	149	-61
-378	-439	718
-223	452	392
257	-181	-228
112	148	-485
221	-483	504
316	-287	105
429	80	138
-305	-194	-101
-253	145	-283
-221	-465	436
213	-245	-202
35	149	-530
-181	-94	-457
-346	-362	379
-470	-224	460
-301	-193	-112
-297	455	557
125	314	-166
78	-179	-471
331	-131	-116
34	235	-398
-150	31	-529
-209	44	-441
336	37	-166
-336	-410	500
71	377	-35
-156	-419	175
1	162	-518
-14	154	-528
300	16	-262
429	498	1104
322	-392	405
428	-78	133
421	-19	86
242	227	-183
350	-249	114
-62	-325	-185
281	228	-99
218	92	-399
-260	382	230
181	310	-108
234	-499	591
390	-290	321
162	-148	-431
363	-63	-80
367	268	202
-90	164	-483
375	-187	78
-439	271	440
294	302	86
-26	119	-564
-471	411	939
293	309	101
114	-14	-570
-123	353	-64
-157	-467	347
138	-448	255
-467	3	248
-239	195	-243
354	-400	517
-393	196	147
367	17	-83
-165	217	-326
329	-105	-146
-37	98	-579
-327	436	564
-308	-299	113
322	484	728
-89	-54	-580
-139	-261	-273
288	-106	-247
376	340	404
-74	-145	-517
-424	-404	748
-316	-325	198
-297	380	306
-483	219	501
-310	233	-22
23	85	-592
-328	-403	456
257	-417	336
-212	457	391
405	-252	286
441	-209	328
193	-222	-277
30	-44	-612
171	-119	-450
-229	-428	318
235	-153	-309
-332	419	519
21	-130	-554
274	38	-317
-436	463	994
-254	86	-336
23	-83	-594
182	-245	-251
0	470	259
-313	-120	-174
-307	-396	380
170	385	84
-119	-325	-144
-184	-473	406
56	87	-580
-402	-234	241
433	-235	347
-340	-71	-141
134	433	198
466	197	400
372	-312	319
-241	-130	-323
104	440	193
125	-421	147
385	311	356
-42	-447	182
414	-396	689
437	-230	351
-222	-271	-132
-204	333	-13
315	-106	-181
-425	223	297
158	-266	-240
-373	-232	148
-357	-431	629
464	-244	475
-302	-141	-179
359	-386	487
483	438	1076
498	270	659
-129	-473	337
159	-26	-519
463	429	969
252	-333	73
-300	60	-249
481	93	336
134	179	-423
-273	368	216
306	-6	-249
374	-67	-46
499	-395	996
131	-167	-443
463	244	471
-208	376	114
217	-463	422
-277	243	-80
195	196	-317
182	99	-452
-77	348	-115
299	483	667
305	-133	-180
92	-41	-583
93	-65	-572
-260	-438	414
-80	-411	77
-5	-106	-578
-307	-399	390
227	-368	124
344	36	-145
-470	-295	607
-245	224	-182
401	436	779
-201	-201	-300
259	-427	373
-243	39	-381
-61	349	-121
498	-492	1336
-241	-287	-61
-431	179	247
-198	63	-451
-452	-6	193
163	274	-217
125	-18	-559
267	108	-291
296	312	116
-252	-4	-369
188	-341	-17
294	487	670
417	366	607
-281	-68	-289
-220	-457	405
-95	-213	-406
-198	117	-412
-144	480	380
418	418	774
-497	-112	414
57	277	-303
-486	19	322
95	-493	384
-209	-117	-394
-246	286	-54
-454	-88	231
55	-492	356
-195	-104	-428
-273	236	-102
175	-231	-287
-384	462	819
70	232	-388
-207	25	-449
126	-314	-165
28	242	-386
-220	256	-168
298	71	-248
262	-436	411
453	349	684
498	-97	405
-121	207	-393
274	-292	17
-82	-75	-574
-24	33	-617
-138	-478	366
-259	154	-260
46	366	-79
339	-451	649
354	57	-109
-172	329	-72
-212	-398	189
-125	-475	341
-335	-197	-19
-484	-223	512
-81	-132	-527
-242	-399	247
-382	-35	-35
19	42	-615
440	-473	1045
403	461	875
-233	32	-402
-17	-392	-7
-154	31	-525
461	402	872
359	266	174
-335	460	671
-384	-310	350
-400	-81	42
-295	-411	400
195	123	-411
-43	452	200
224	74	-401
-108	-282	-258
-409	-193	194
-256	493	610
-256	11	-361
0	226	-419
118	345	-91
-268	55	-324
223	-434	328
-204	387	141
-499	-89	403
-448	-399	815
329	-243	45
-311	-1	-236
379	145	34
-74	78	-577
-306	317	152
295	-216	-89
-400	-485	957
-248	-157	-279
25	251	-369
-456	-382	791
72	-225	-400
172	-230	-293
-159	467	349
-368	-159	19
-146	-316	-139
-59	-342	-141
-60	130	-541
157	-206	-355
-250	-442	407
372	-56	-57
375	142	19
227	474	481
156	479	391
-208	-344	22
205	-165	-346
-226	-248	-173
109	445	215
21	449	184
388	153	72
-234	-283	-84
336	206	-2
-126	-249	-312
-189	-494	495
44	61	-601
-436	-109	184
438	-491	1107
206	387	145
164	160	-413
-346	320	264
-159	-12	-522
-431	92	153
-428	-411	784
376	241	174
-238	-432	349
52	467	259
-58	302	-245
-246	-53	-370
-179	314	-101
10	212	-443
293	-77	-256
220	-26	-427
-215	-141	-359
-390	-62	0
-346	-50	-134
425	-278	407
-483	497	1297
-289	-395	334
493	-438	1115
345	-270	143
-370	-128	-10
-328	71	-173
-351	-75	-108
-30	-286	-292
3	-343	-153
425	376	664
-44	-314	-221
-290	65	-270
123	-136	-489
24	85	-592
-494	-4	352
295	-389	329
-36	357	-108
455	193	353
486	-197	476
364	32	-89
-49	-235	-393
24	420	84
-22	-498	370
-448	-40	185
427	427	834
415	-412	744
-387	-45	-16
210	-24	-445
-56	-291	-272
-464	-51	247
204	331	-19
59	-357	-100
163	-10	-517
335	124	-113
292	175	-160
-369	-282	238
439	154	241
-386	-108	18
156	-335	-77
351	58	-117
-432	241	355
145	-320	-130
-329	-170	-75
155	114	-475
39	190	-473
-461	-282	544
-4	97	-586
-139	-366	-10
-438	-329	576
257	353	138
345	387	451
-453	259	465
17	-340	-160
-373	-352	428
-176	477	410
205	-109	-408
194	-175	-350
70	364	-74
154	-300	-168
-46	-332	-174
390	-8	-15
-114	-139	-494
-436	246	378
-5	-374	-64
416	-273	366
478	237	514
-410	-29	52
106	-341	-113
97	253	-330
-17	50	-612
-67	373	-49
-281	257	-43
-81	-442	183
-114	118	-516
11	54	-611
-17	439	148
344	-458	688
160	-186	-382
-333	51	-169
40	-380	-39
-237	129	-332
-380	234	172
-290	-222	-90
-194	462	380
260	355	150
-130	109	-508
-451	-398	823
-497	-393	982
-12	120	-565
117	-483	364
-421	95	121
455	422	916
136	90	-517
-289	302	75
-384	250	216
421	-121	143
-145	-484	397
-412	64	71
-206	-107	-408
2	-471	263
-276	371	231
137	-228	-340
473	139	348
-122	-64	-547
-265	495	637
-48	-187	-474
65	-118	-551
-290	-324	132
471	-80	289
477	-438	1053
-355	373	436
-60	-1	-609
389	27	-15
-461	-342	694
420	40	88
-314	-381	351
-114	323	-154
-110	-166	-465
-63	268	-320
269	171	-217
238	-304	-27
483	-222	506
77	-332	-159
-47	23	-612
87	-95	-557
85	232	-379
-247	-294	-33
-383	27	-34
-256	-226	-157
-78	283	-279
-40	40	-610
-355	-242	114
429	-22	114
194	172	-354
-277	-159	-215
-115	-82	-543
-201	162	-357
495	-33	360
-410	-7	48
-471	-6	263
-447	260	445
247	-447	419
466	363	771
79	-315	-201
-387	468	851
72	15	-602
-412	329	488
-81	65	-580
-2	-433	126
287	338	162
-49	-319	-207
-387	-411	651
-349	79	-111
-322	143	-127
107	172	-459
196	-157	-371
-106	248	-332
-216	-268	-149
-198	-32	-462
-156	-223	-327
-89	415	96
291	-2	-285
219	-315	-35
-461	-307	603
-249	325	46
-494	202	515
-382	290	296
-369	196	74
467	274	548
-221	114	-376
-55	121	-553
-332	404	470
-285	-31	-295
-153	58	-516
245	258	-117
-51	11	-612
-269	-357	175
195	-231	-258
-165	446	280
-430	-159	216
123	-450	246
-42	-112	-566
-319	-370	330
-170	454	316
-92	444	198
-126	-496	423
426	41	108
407	-384	628
-271	174	-208
229	486	530
-402	-285	347
-307	-260	23
409	-39	51
75	330	-165
30	415	68
-72	80	-577
-152	315	-134
260	-23	-351
-379	189	93
384	-460	812
-462	387	829
465	78	265
269	-443	450
62	498	383
230	-234	-193
459	327	646
-20	-373	-65
-458	-136	289
88	116	-538
-330	-407	474
6	97	-585
172	354	-4
-112	-93	-538
-194	8	-472
-429	-334	558
47	-392	0
-472	-13	268
185	297	-134
43	-278	-307
270	-252	-78
-13	204	-456
-450	466	1054
331	-408	480
-194	-106	-428
207	-25	-449
-14	-311	-236
-453	-366	732
-482	-66	322
40	-177	-492
441	111	203
-12	-37	-617
218	16	-432
450	-121	244
-212	-32	-439
100	-467	288
216	-437	326
236	265	-120
-496	42	367
356	-191	29
435	39	139
283	-103	-260
227	330	17
30	244	-382
-261	-455	476
-458	-344	688
155	30	-524
118	-151	-476
-479	43	301
227	-192	-270
-198	-160	-364
202	-136	-386
-449	-58	196
-132	93	-519
-226	176	-295
3	312	-234
-65	399	29
14	-260	-352
-96	-267	-301
-22	-51	-611
-226	133	-348
-421	303	452
-273	-73	-304
323	269	83
-371	-394	547
255	-69	-344
-55	-68	-593
294	-4	-277
374	-363	462
-436	-377	705
313	66	-214
434	-277	436
-59	-77	-586
-38	344	-144
155	439	243
-232	428	324
48	-153	-520
207	274	-152
273	5	-325
18	402	23
111	-251	-322
-192	-469	403
180	-423	221
26	29	-617
-286	89	-264
151	-498	459
-369	60	-64
-276	71	-298
482	185	442
-110	112	-525
99	158	-484
16	-378	-51
-302	395	365
252	202	-206
-111	129	-507
-212	137	-368
436	-181	267
-208	344	22
321	-298	143
-91	-53	-579
-297	39	-264
-74	-415	87
464	-414	923
-26	52	-610
184	-393	129
-457	306	586
-414	-260	332
176	338	-42
441	-460	1000
-58	-295	-262
176	-146	-414
23	468	254
-158	-158	-424
264	43	-337
250	-314	20
245	-236	-160
-332	-354	318
-152	-392	83
-269	322	80
159	414	162
428	201	270
195	440	302
-153	327	-102
356	-114	-64
-256	-464	499
-462	97	267
58	438	157
400	244	254
-44	125	-553
429	-324	532
389	-427	710
-179	-288	-163
-320	51	-203
-491	338	797
-59	437	154
14	-389	-17
426	-71	122
-43	228	-408
-240	343	77
471	-204	430
380	44	-38
353	360	393
-43	228	-408
79	413	83
-171	-17	-505
-436	-307	513
55	-115	-558
-96	234	-367
435	-87	163
47	-149	-526
-175	-464	359
-38	-274	-317
-36	418	80
453	224	397
236	399	235
91	-82	-563
347	-74	-120
375	51	-50
263	379	227
-37	326	-193
-453	-314	591
-50	227	-407
-403	362	550
-251	-53	-360
-338	-215	18
408	-113	93
248	302	-12
-185	-53	-475
13	-310	-238
-59	-420	95
107	-236	-355
5	-43	-616
314	-15	-228
-305	168	-138
447	214	358
439	-318	551
-361	141	-22
-222	390	181
225	-362	102
-350	108	-87
25	397	9
-115	339	-111
-180	398	139
-496	260	630
477	111	335
-43	-457	219
312	441	543
-262	-45	-341
363	-266	186
-356	278	192
-85	-217	-406
-106	193	-429
-241	-241	-159
-107	-104	-534
-92	420	115
-219	-139	-354
235	100	-362
-266	238	-114
-165	-314	-120
-176	-166	-389
142	-133	-472
-379	59	-35
104	76	-557
-103	337	-127
219	-350	58
-273	44	-317
419	-265	359
302	-213	-77
131	-314	-160
-237	26	-396
-34	123	-558
-264	-459	497
356	474	781
-125	-483	371
-227	208	-244
158	139	-446
329	-308	188
-282	-120	-248
89	-470	291
-426	238	328
-243	-449	418
-243	-349	99
-215	-465	426
-62	415	80
-280	200	-150
-83	185	-459
-202	152	-368
225	-371	129
101	-425	139
-355	374	439
283	302	61
-12	87	-592
494	206	522
466	58	258
235	-485	538
-229	491	550
-435	28	136
-382	-150	49
62	55	-596
-260	281	-37
-270	156	-234
-59	27	-606
-216	-359	78
155	384	62
-285	299	58
233	497	581
76	-303	-233
59	45	-601
402	0	22
-422	112	138
15	-151	-531
79	79	-573
376	196	95
428	-87	139
-274	-356	183
-331	-45	-177
299	109	-218
481	-442	1083
249	111	-326
442	463	1015
-115	150	-480
436	460	983
346	-30	-141
-19	223	-423
470	58	273
-189	-40	-474
406	389	640
-486	257	585
60	442	172
-355	285	205
-439	-187	287
-285	359	216
421	-329	518
417	145	155
281	334	138
84	-359	-80
-41	-5	-616
-424	-219	287
464	56	249
409	-410	717
-211	-156	-348
495	-347	837
-142	228	-335
212	-225	-241
372	-28	-67
-165	-339	-55
186	-331	-47
-443	356	668
-439	202	310
112	394	47
-239	252	-141
-171	255	-246
328	109	-145
194	-141	-393
87	79	-568
-52	376	-47
422	-81	114
-496	-245	600
-378	216	134
29	493	351
-337	363	357
-371	349	414
-492	-314	738
180	-432	252
387	-232	190
462	-377	798
-234	377	163
322	374	350
46	-343	-144
-64	-400	32
104	-213	-399
-209	-248	-203
-381	281	272
-412	-356	562
119	-284	-244
492	126	408
-99	148	-496
194	-237	-248
415	131	133
-115	409	98
396	-263	280
207	245	-212
283	363	223
-344	382	433
-58	-57	-597
379	-60	-34
233	-393	211
58	214	-427
387	145	59
357	-19	-112
361	325	320
-417	-263	348
-52	276	-308
0	-162	-518
-118	384	21
-278	-247	-70
-403	428	758
497	379	938
266	-372	212
236	-316	-1
70	91	-571
123	-222	-366
197	-344	4
491	59	354
301	324	158
-485	137	392
124	-403	87
373	-453	753
372	-152	22
-116	-271	-276
-292	105	-238
-19	-196	-468
9	-47	-614
-342	-250	94
81	393	20
-67	-374	-46
-41	-469	262
-96	-369	-42
-313	-130	-164
189	487	467
-331	204	-19
99	292	-243
300	-53	-252
338	148	-79
295	-303	91
376	302	306
-167	-219	-320
-214	285	-115
-62	35	-603
-159	-194	-372
468	-33	256
265	498	649
370	395	547
-340	-285	163
60	-378	-37
-116	-261	-297
220	-349	57
-486	-357	830
489	161	436
437	-339	599
13	414	62
462	345	706
-330	-277	118
105	107	-533
258	446	438
412	201	216
-112	152	-481
174	-267	-217
23	334	-175
-53	-442	168
455	330	639
-204	151	-366
481	-191	447
293	445	511
470	205	427
-419	-42	85
94	-481	337
-222	263	-149
-259	382	228
-155	498	464
303	-268	30
174	-334	-56
384	-176	89
-102	-118	-526
-367	345	391
-61	-437	155
150	234	-314
213	106	-397
-482	-19	306
26	487	327
-339	107	-118
-80	254	-340
125	197	-406
-8	365	-90
55	336	-160
339	-167	-52
-456	-12	208
-1	427	105
311	396	390
-216	443	347
216	222	-239
-158	-69	-504
194	447	326
-52	-349	-125
-51	-89	-581
-189	-469	398
330	-459	654
155	3	-527
32	-5	-619
-467	-156	345
-191	-135	-404
-113	297	-219
363	-211	81
83	235	-375
72	2	-602
-74	-231	-388
-17	267	-337
199	-348	19
190	-378	92
-198	-386	129
32	113	-568
-356	-162	-11
153	298	-174
340	-340	301
-232	372	145
3	77	-599
-288	389	313
-151	-449	273
-347	431	600
285	224	-98
-92	-314	-195
492	390	952
453	166	307
-482	118	361
288	-181	-160
231	-205	-242
431	374	678
132	59	-540
147	-53	-526
219	414	253
-206	-303	-86
-34	6	-618
-438	314	538
56	-286	-284
221	-184	-292
438	-396	770
1	405	32
494	-71	372
47	-478	299
-190	-195	-327
252	104	-326
-288	101	-251
-288	270	0
-277	158	-216
-36	-387	-19
452	161	297
78	-67	-581
222	-132	-356
488	435	1085
-436	-221	331
348	-333	304
279	229	-102
-364	-316	305
-249	-378	195
-295	60	-261
-73	457	232
-361	138	-26
33	-150	-529
-117	256	-306
347	368	399
435	-17	134
-79	-157	-500
-320	288	117
-194	-410	199
351	84	-102
438	-162	248
142	-371	7
21	392	-7
-249	226	-171
-73	177	-477
158	65	-506
-210	-334	-1
415	172	183
421	398	718
-6	264	-344
308	476	662
-339	-374	395
-369	448	723
-69	-279	-293
275	-366	214
