350	357	0
-459	149	0
-381	312	0
199	146	0
-462	-185	0
-302	-499	0
194	291	0
109	-448	0
-298	-477	0
-80	91	0
-396	-361	0
-129	130	0
475	-209	0
357	-354	0
163	38	0
495	-5	0
78	119	0
114	-135	0
-207	94	0
-170	408	0
-316	-169	0
78	474	0
439	129	0
-348	461	0
-476	242	0
-460	-337	0
-412	169	0
-387	-122	0
2	-242	0
-484	-485	0
-271	11	0
93	347	0
-400	457	0
-384	193	0
443	-55	0
77	-397	0
275	-370	0
-448	189	0
258	-297	0
125	281	0
444	165	0
443	-493	0
-191	-468	0
-116	310	0
-211	-100	0
325	17	0
410	-107	0
-160	-175	0
-45	177	0
-256	399	0
-271	-154	0
150	-142	0
-103	-186	0
-409	100	0
439	372	0
19	79	0
290	26	0
387	321	0
409	173	0
-414	-216	0
-27	102	0
-331	365	0
441	-347	0
-335	-129	0
330	-92	0
-254	-466	0
253	395	0
-108	-374	0
-316	-18	0
225	-402	0
-171	-281	0
176	-405	0
244	39	0
415	129	0
-313	412	0
159	78	0
-443	-1	0
-6	-291	0
163	365	0
