450
405 261
397 287
400 267
102 453
116 450
117 472
449 114
469 92
454 134
484 443
442 402
484 414
319 286
325 250
345 292
342 48
384 87
357 71
353 93
369 77
391 73
123 174
152 128
146 178
281 141
284 182
249 193
343 333
348 357
335 363
144 94
162 119
164 150
469 375
489 328
495 327
337 350
367 393
335 367
67 338
113 390
88 375
271 186
223 199
246 175
424 350
378 307
414 312
276 288
258 279
295 244
67 361
12 357
66 308
174 379
187 354
197 397
66 182
22 206
44 189
103 376
110 338
115 356
282 442
301 469
295 470
146 381
158 378
167 420
209 134
238 102
220 147
224 331
250 328
279 343
235 326
236 383
201 356
104 2
137 30
97 57
84 426
128 399
127 437
381 405
390 452
340 436
325 397
351 365
347 406
194 410
190 441
187 409
406 455
371 419
398 425
432 449
458 403
454 428
407 66
364 59
377 61
258 319
256 318
245 278
405 367
449 315
423 352
346 97
316 59
351 72
77 453
70 429
94 446
233 147
238 148
229 151
328 280
313 297
276 272
364 84
401 85
390 125
126 140
126 192
119 163
151 95
117 125
130 88
310 33
286 86
251 61
377 312
375 307
377 273
184 284
147 301
134 268
347 110
339 124
288 123
73 305
105 342
80 358
36 391
41 352
57 351
74 473
84 473
127 479
490 408
469 384
458 358
486 23
469 44
466 38
263 183
268 159
275 172
223 271
262 300
242 316
242 452
246 500
243 476
460 245
427 222
448 222
180 127
173 119
233 138
202 452
206 458
160 448
3 332
59 323
56 338
140 249
123 229
136 223
239 354
226 350
284 359
234 445
238 451
256 486
303 384
344 345
295 396
467 226
501 167
476 212
178 281
208 291
153 274
86 57
87 34
88 35
205 379
186 388
176 360
303 165
341 118
341 125
130 310
108 368
113 348
444 54
482 112
442 99
424 320
404 285
422 291
346 41
380 32
394 43
16 460
30 454
40 459
423 18
464 60
421 76
266 95
280 56
315 84
314 238
296 192
333 237
96 331
82 336
72 318
351 406
308 389
342 368
300 63
285 33
304 49
302 492
296 494
287 496
207 86
221 87
239 95
398 151
433 124
392 170
279 384
239 338
263 359
239 237
230 239
198 187
188 287
162 257
195 244
166 68
174 30
218 61
223 429
223 410
251 404
131 308
157 292
136 338
70 227
56 224
34 177
96 324
110 323
106 351
85 231
106 261
75 235
323 391
303 380
312 367
234 423
253 406
259 407
304 130
317 122
303 163
298 81
319 108
301 89
298 358
279 329
312 326
151 100
173 127
160 118
339 373
323 383
327 379
283 406
291 440
252 394
351 253
350 246
369 308
50 433
55 403
78 381
236 301
232 312
219 327
71 338
86 294
89 305
252 266
227 251
229 250
123 308
165 252
144 285
478 337
495 312
500 336
416 367
397 387
404 357
129 229
83 220
129 205
66 321
75 356
36 337
249 33
278 0
250 38
448 401
442 378
448 351
357 281
353 301
335 282
341 67
355 79
299 75
312 401
361 377
344 386
237 172
197 201
210 177
48 448
43 490
41 456
159 381
189 376
201 419
350 470
360 456
359 475
472 149
424 144
472 123
373 152
375 128
380 149
126 338
140 312
154 319
92 292
95 279
122 282
254 445
244 488
230 477
201 364
167 405
161 359
166 461
149 442
146 416
304 446
300 418
309 388
263 472
232 450
286 475
108 400
89 375
103 390
181 449
148 450
158 436
300 394
287 442
258 399
83 362
58 406
68 364
378 441
417 447
399 465
179 464
210 488
162 485
59 436
41 430
70 431
259 405
272 381
291 427
442 102
430 98
474 101
174 449
196 429
222 427
299 387
306 400
294 392
353 78
302 84
296 84
494 221
460 213
437 190
168 332
139 357
141 311
325 307
376 345
372 343
329 224
325 256
292 213
385 254
410 257
377 271
82 196
43 143
74 164
360 253
331 251
326 193
125 124
110 84
146 118
97 293
110 294
152 332
141 146
148 110
153 123
443 162
481 149
429 204
150
1 2 3 1
4 5 6 4
7 8 9 7
10 11 12 10
13 14 15 13
16 17 18 16
19 20 21 19
22 23 24 22
25 26 27 25
28 29 30 28
31 32 33 31
34 35 36 34
37 38 39 37
40 41 42 40
43 44 45 43
46 47 48 46
49 50 51 49
52 53 54 52
55 56 57 55
58 59 60 58
61 62 63 61
64 65 66 64
67 68 69 67
70 71 72 70
73 74 75 73
76 77 78 76
79 80 81 79
82 83 84 82
85 86 87 85
88 89 90 88
91 92 93 91
94 95 96 94
97 98 99 97
100 101 102 100
103 104 105 103
106 107 108 106
109 110 111 109
112 113 114 112
115 116 117 115
118 119 120 118
121 122 123 121
124 125 126 124
127 128 129 127
130 131 132 130
133 134 135 133
136 137 138 136
139 140 141 139
142 143 144 142
145 146 147 145
148 149 150 148
151 152 153 151
154 155 156 154
157 158 159 157
160 161 162 160
163 164 165 163
166 167 168 166
169 170 171 169
172 173 174 172
175 176 177 175
178 179 180 178
181 182 183 181
184 185 186 184
187 188 189 187
190 191 192 190
193 194 195 193
196 197 198 196
199 200 201 199
202 203 204 202
205 206 207 205
208 209 210 208
211 212 213 211
214 215 216 214
217 218 219 217
220 221 222 220
223 224 225 223
226 227 228 226
229 230 231 229
232 233 234 232
235 236 237 235
238 239 240 238
241 242 243 241
244 245 246 244
247 248 249 247
250 251 252 250
253 254 255 253
256 257 258 256
259 260 261 259
262 263 264 262
265 266 267 265
268 269 270 268
271 272 273 271
274 275 276 274
277 278 279 277
280 281 282 280
283 284 285 283
286 287 288 286
289 290 291 289
292 293 294 292
295 296 297 295
298 299 300 298
301 302 303 301
304 305 306 304
307 308 309 307
310 311 312 310
313 314 315 313
316 317 318 316
319 320 321 319
322 323 324 322
325 326 327 325
328 329 330 328
331 332 333 331
334 335 336 334
337 338 339 337
340 341 342 340
343 344 345 343
346 347 348 346
349 350 351 349
352 353 354 352
355 356 357 355
358 359 360 358
361 362 363 361
364 365 366 364
367 368 369 367
370 371 372 370
373 374 375 373
376 377 378 376
379 380 381 379
382 383 384 382
385 386 387 385
388 389 390 388
391 392 393 391
394 395 396 394
397 398 399 397
400 401 402 400
403 404 405 403
406 407 408 406
409 410 411 409
412 413 414 412
415 416 417 415
418 419 420 418
421 422 423 421
424 425 426 424
427 428 429 427
430 431 432 430
433 434 435 433
436 437 438 436
439 440 441 439
442 443 444 442
445 446 447 445
448 449 450 448
