#
# a map with equally-spaced little cubes
#
	
32
# points for 8 triangles
100 100
116 100
108 112

200 100
216 100
208 112

300 100
316 100
308 112

400 100
416 100
408 112

150 186.6
158 174.6
166 186.6

250 186.6
258 174.6
266 186.6

350 186.6
358 174.6
366 186.6

450 186.6
458 174.6
466 186.6

# points for the outter wall
1 1
510 1
510 20
35 20
35 225
510 225
510 350
1 350

9
1 2 3 1
4 5 6 4
7 8 9 7
10 11 12 10
13 14 15 13
16 17 18 16
19 20 21 19
22 23 24 22
# the wall
25 26 27 28 29 30 31 32 25

