#
# a map with equally-spaced little cubes
#

# points for 18 triangles
54

# first row

100 100
116 100
108 112

200 100
216 100
208 112

300 100
316 100
308 112

400 100
416 100
408 112

# second row

50 186.6
58 174.6
66 186.6

150 186.6
158 174.6
166 186.6

250 186.6
258 174.6
266 186.6

350 186.6
358 174.6
366 186.6

450 186.6
458 174.6
466 186.6

# below first row

50 95
58 83
66 95

150 66.6
158 54.6
166 66.6

250 66.6
258 54.6
266 66.6

350 66.6
358 54.6
366 66.6

450 66.6
458 54.6
466 66.6

# above second row

100 220
116 220
108 232

200 220
216 220
208 232

300 220
316 220
308 232

400 220
416 220
408 232


18
1 2 3 1
4 5 6 4
7 8 9 7
10 11 12 10
13 14 15 13
16 17 18 16
19 20 21 19
22 23 24 22
25 26 27 25
28 29 30 28
31 32 33 31
34 35 36 34
37 38 39 37
40 41 42 40
43 44 45 43
46 47 48 46
49 50 51 49
52 53 54 52

