#  image size: 346 461
#  1/4/2001: this is the output from
#	Tingjen's implementation of Canny Line detector
#	applied to a butterfly image.
#  begin
o 7
 0.000  0.000  0.333
60 177
60 176
59 176
58 177
58 176
57 177
56 178
# end
#  begin
o 22
 0.000  0.000  0.667
60 167
61 166
62 166
61 167
60 168
59 168
58 167
58 166
58 165
58 164
58 163
58 162
58 161
58 160
57 159
57 158
57 157
57 156
57 155
57 154
57 153
57 152
# end
#  begin
o 14
 0.000  0.000  1.000
59 113
60 113
60 114
60 115
60 116
60 117
60 118
60 119
59 119
58 118
58 117
58 116
58 115
58 114
# end
#  begin
o 20
 0.000  0.143  0.000
65 167
64 167
65 166
65 165
65 164
66 163
65 162
65 161
66 160
65 159
65 158
65 157
65 156
64 155
63 154
62 153
61 153
60 152
59 151
58 151
# end
#  begin
o 7
 0.000  0.143  0.333
60 97
61 96
62 97
62 98
61 99
60 98
59 99
# end
#  begin
o 49
 0.000  0.143  0.667
62 127
62 128
62 129
62 130
62 131
62 132
62 133
62 134
62 135
63 136
63 137
63 138
63 139
63 140
63 141
63 142
63 143
63 144
63 145
63 146
64 147
63 148
62 149
61 149
60 148
61 147
61 146
60 145
60 144
60 143
60 142
60 141
60 140
60 139
59 138
59 137
59 136
59 135
59 134
59 133
60 132
60 131
60 130
60 129
60 128
60 127
60 126
60 125
59 124
# end
#  begin
o 17
 0.000  0.143  1.000
62 203
63 203
62 202
62 201
62 200
61 199
61 198
61 197
61 196
60 195
60 194
60 193
60 192
59 191
59 190
59 189
59 188
# end
#  begin
o 6
 0.000  0.286  0.000
63 187
63 186
63 185
62 184
61 185
60 186
# end
#  begin
o 9
 0.000  0.286  0.333
65 184
66 185
66 184
65 183
65 182
64 181
63 181
62 182
61 181
# end
#  begin
o 13
 0.000  0.286  0.667
62 121
63 120
62 119
62 118
62 117
62 116
62 115
62 114
62 113
62 112
62 111
62 110
62 109
# end
#  begin
o 7
 0.000  0.286  1.000
64 97
64 96
64 95
63 94
63 93
63 92
63 91
# end
#  begin
o 6
 0.000  0.429  0.000
64 99
64 100
64 101
64 102
64 103
63 104
# end
#  begin
o 12
 0.000  0.429  0.333
66 196
66 197
66 198
66 199
65 200
64 199
64 198
64 197
64 196
63 195
63 194
63 193
# end
#  begin
o 6
 0.000  0.429  0.667
65 194
65 193
65 192
64 191
64 190
64 189
# end
#  begin
o 14
 0.000  0.429  1.000
66 95
66 94
67 93
67 92
67 91
68 90
68 89
68 88
68 87
68 86
67 85
66 85
65 86
65 85
# end
#  begin
o 12
 0.000  0.571  0.000
65 120
65 119
65 118
65 117
65 116
65 115
65 114
65 113
65 112
65 111
65 110
65 109
# end
#  begin
o 17
 0.000  0.571  0.333
71 146
71 147
70 148
69 147
68 147
67 147
66 146
66 145
65 144
65 143
65 142
65 141
65 140
65 139
65 138
65 137
65 136
# end
#  begin
o 17
 0.000  0.571  0.667
69 241
68 240
68 239
67 238
67 237
67 236
67 235
66 234
66 233
66 232
66 231
65 230
65 229
65 228
65 227
65 226
65 225
# end
#  begin
o 12
 0.000  0.571  1.000
66 108
66 107
66 106
66 105
66 104
66 103
66 102
67 101
68 100
68 99
67 98
66 97
# end
#  begin
o 19
 0.000  0.714  0.000
69 204
69 203
69 202
68 201
68 200
68 199
68 198
68 197
68 196
68 195
68 194
67 193
67 192
67 191
67 190
67 189
67 188
67 187
66 186
# end
#  begin
o 9
 0.000  0.714  0.333
69 225
69 224
68 223
68 222
68 221
68 220
68 219
67 218
66 217
# end
#  begin
o 22
 0.000  0.714  0.667
74 127
75 126
76 125
76 126
75 127
74 128
73 128
72 127
71 126
71 127
70 126
69 126
68 127
67 126
67 125
68 124
68 123
68 122
68 121
68 120
68 119
67 118
# end
#  begin
o 12
 0.000  0.714  1.000
73 139
73 138
73 137
73 136
73 135
73 134
72 134
71 134
70 133
69 133
68 133
67 133
# end
#  begin
o 10
 0.000  0.857  0.000
68 117
68 116
68 115
68 114
68 113
68 112
68 111
68 110
68 109
68 108
# end
#  begin
o 22
 0.000  0.857  0.333
76 86
77 85
78 84
79 83
80 82
81 81
81 80
80 81
79 82
78 83
77 84
76 85
75 86
74 87
73 87
72 88
71 87
70 86
70 85
70 84
69 83
69 82
# end
#  begin
o 6
 0.000  0.857  0.667
70 101
71 100
71 101
70 102
70 103
69 104
# end
#  begin
o 20
 0.000  0.857  1.000
74 237
74 236
74 235
73 234
73 233
73 232
73 231
73 230
72 229
72 228
72 227
72 226
71 225
71 224
71 223
71 222
70 221
70 220
70 219
69 218
# end
#  begin
o 9
 0.000  1.000  0.000
69 237
69 238
70 237
70 236
70 235
70 234
69 233
69 232
69 231
# end
#  begin
o 8
 0.000  1.000  0.333
75 76
76 77
75 77
74 76
73 75
72 76
71 77
71 76
# end
#  begin
o 18
 0.000  1.000  0.667
86 84
85 85
84 86
83 85
82 85
81 86
80 87
79 88
78 89
77 90
77 91
76 92
75 93
74 94
73 95
73 96
72 97
71 98
# end
#  begin
o 9
 0.000  1.000  1.000
76 172
77 172
76 173
75 173
74 172
73 172
72 173
71 174
71 173
# end
#  begin
o 22
 0.143  0.000  0.000
78 185
79 184
79 185
78 186
77 187
76 188
75 189
74 189
73 188
72 187
71 186
71 185
71 184
71 183
71 182
71 181
71 180
71 179
71 178
71 177
71 176
71 175
# end
#  begin
o 17
 0.143  0.000  0.333
79 212
78 213
77 214
77 213
78 212
79 211
79 210
79 209
79 208
78 207
77 207
76 207
75 207
74 206
73 205
72 205
71 206
# end
#  begin
o 16
 0.143  0.000  0.667
75 216
76 215
76 216
75 217
74 218
73 217
73 216
73 215
72 214
72 213
72 212
72 211
72 210
72 209
72 208
72 207
# end
#  begin
o 9
 0.143  0.000  1.000
74 60
74 59
75 58
76 58
76 59
76 60
75 60
74 61
73 62
# end
#  begin
o 23
 0.143  0.143  0.000
87 142
88 141
88 142
87 143
87 144
86 145
85 146
84 147
83 148
82 149
81 150
80 151
79 151
78 151
77 152
76 152
75 151
74 151
73 150
73 149
73 148
73 147
73 146
# end
#  begin
o 7
 0.143  0.143  0.333
75 258
75 257
76 258
76 259
76 260
75 260
74 259
# end
#  begin
o 11
 0.143  0.143  0.667
85 133
84 134
83 135
82 135
81 134
80 134
79 134
78 135
77 135
76 135
75 136
# end
#  begin
o 6
 0.143  0.143  1.000
76 272
76 271
76 270
76 269
75 268
75 267
# end
#  begin
o 7
 0.143  0.286  0.000
77 120
78 119
78 120
77 121
77 122
77 123
76 124
# end
#  begin
o 24
 0.143  0.286  0.333
84 297
84 296
83 295
83 294
83 293
83 292
82 291
82 290
81 289
81 288
81 287
80 286
80 285
80 284
79 283
79 282
79 281
78 280
78 279
78 278
78 277
77 276
77 275
76 274
# end
#  begin
o 7
 0.143  0.286  0.667
80 77
81 78
81 79
80 78
79 77
78 77
77 77
# end
#  begin
o 24
 0.143  0.286  1.000
89 52
89 51
88 50
89 50
90 51
91 52
92 52
93 52
93 53
92 54
91 54
90 53
89 53
88 53
87 52
86 52
85 51
84 51
83 51
82 51
81 51
80 51
79 52
78 52
# end
#  begin
o 8
 0.143  0.429  0.000
82 65
83 64
83 63
82 64
81 65
80 65
79 64
78 63
# end
#  begin
o 6
 0.143  0.429  0.333
79 126
79 125
80 126
80 127
79 128
78 129
# end
#  begin
o 12
 0.143  0.429  0.667
79 183
80 182
80 181
80 180
80 179
80 178
80 177
80 176
80 175
80 174
79 173
78 173
# end
#  begin
o 28
 0.143  0.429  1.000
85 266
85 265
85 264
84 263
84 262
84 261
83 260
83 259
83 258
83 257
83 256
83 255
82 254
82 253
81 252
81 251
81 250
80 249
80 248
80 247
80 246
80 245
80 244
79 243
79 242
78 241
78 240
78 239
# end
#  begin
o 6
 0.143  0.571  0.000
79 62
79 61
80 60
81 59
80 59
79 60
# end
#  begin
o 23
 0.143  0.571  0.333
91 95
91 94
90 95
90 96
90 97
90 98
89 99
88 100
87 101
87 102
87 103
86 104
85 105
85 106
84 107
84 108
83 109
83 110
82 111
82 112
81 113
80 114
79 115
# end
#  begin
o 8
 0.143  0.571  0.667
81 119
82 118
82 119
81 120
81 121
81 122
80 123
79 124
# end
#  begin
o 6
 0.143  0.571  1.000
83 132
82 132
81 131
80 130
80 131
79 130
# end
#  begin
o 6
 0.143  0.714  0.000
81 282
81 281
81 280
81 279
81 278
80 277
# end
#  begin
o 7
 0.143  0.714  0.333
87 50
86 49
85 49
84 49
83 49
82 49
81 49
# end
#  begin
o 6
 0.143  0.714  0.667
86 146
85 147
84 148
83 149
82 150
81 151
# end
#  begin
o 6
 0.143  0.714  1.000
83 202
82 203
81 204
81 203
82 202
81 201
# end
#  begin
o 27
 0.143  0.857  0.000
95 94
96 93
97 92
97 93
96 94
95 95
95 96
94 97
93 98
92 99
91 100
91 101
90 102
90 103
89 104
89 105
88 106
88 107
87 108
86 109
86 110
85 111
85 112
84 113
84 114
84 115
83 116
# end
#  begin
o 11
 0.143  0.857  0.333
87 66
88 65
89 64
90 63
90 64
89 65
88 66
87 67
86 67
85 67
84 66
# end
#  begin
o 15
 0.143  0.857  0.667
91 178
92 177
92 178
91 179
90 180
89 181
88 181
87 181
86 181
85 180
84 179
84 178
84 177
84 176
84 175
# end
#  begin
o 10
 0.143  0.857  1.000
90 62
91 61
90 60
90 59
89 59
88 60
88 61
87 62
86 63
85 64
# end
#  begin
o 23
 0.143  1.000  0.000
93 71
92 70
91 70
92 71
93 72
94 73
95 74
95 75
95 76
95 77
94 78
93 79
92 80
91 80
90 81
89 81
88 80
87 79
86 78
86 77
86 76
86 75
85 74
# end
#  begin
o 6
 0.143  1.000  0.333
88 140
89 139
88 138
87 137
86 136
85 135
# end
#  begin
o 6
 0.143  1.000  0.667
85 174
85 173
85 172
85 171
85 170
85 169
# end
#  begin
o 9
 0.143  1.000  1.000
88 196
89 195
90 195
89 196
88 197
88 198
87 199
86 200
85 201
# end
#  begin
o 12
 0.286  0.000  0.000
88 277
89 278
89 277
88 276
88 275
88 274
88 273
87 272
86 271
86 270
86 269
85 268
# end
#  begin
o 13
 0.286  0.000  0.333
90 311
90 310
89 309
89 308
88 307
88 306
87 305
87 304
87 303
86 302
86 301
85 300
85 299
# end
#  begin
o 7
 0.286  0.000  0.667
89 89
90 88
89 88
88 87
88 86
87 86
86 87
# end
#  begin
o 8
 0.286  0.000  1.000
87 74
88 73
89 72
90 71
90 70
89 71
88 72
87 73
# end
#  begin
o 6
 0.286  0.143  0.000
88 156
89 155
90 154
90 153
89 154
88 155
# end
#  begin
o 11
 0.286  0.143  0.333
96 355
96 354
95 355
94 356
93 356
92 355
91 355
91 354
90 353
89 352
88 353
# end
#  begin
o 11
 0.286  0.143  0.667
97 367
97 366
96 365
95 365
94 365
93 365
92 365
91 365
90 366
89 366
88 365
# end
#  begin
o 9
 0.286  0.143  1.000
91 285
92 286
92 285
91 284
91 283
90 282
90 281
90 280
89 279
# end
#  begin
o 7
 0.286  0.286  0.000
95 367
94 367
93 367
92 367
91 367
90 368
89 367
# end
#  begin
o 24
 0.286  0.286  0.333
102 113
103 112
104 111
104 112
103 113
102 114
102 115
101 116
100 117
100 118
99 119
98 120
98 121
97 122
97 123
96 124
95 125
95 126
94 127
94 128
93 129
92 130
91 131
90 130
# end
#  begin
o 53
 0.286  0.286  0.667
121 319
121 318
120 319
119 319
118 320
117 321
116 321
115 322
114 323
113 323
112 323
111 323
110 323
109 324
108 323
107 323
106 322
105 321
105 320
104 319
104 318
103 317
103 316
103 315
102 314
102 313
101 312
101 311
100 310
99 309
100 309
99 308
98 307
99 307
98 306
97 305
97 304
96 303
97 303
96 302
95 301
95 300
94 299
94 298
93 297
93 296
92 295
92 294
91 293
91 292
90 291
90 290
90 289
# end
#  begin
o 7
 0.286  0.286  1.000
93 145
93 144
92 145
92 146
92 147
92 148
91 149
# end
#  begin
o 14
 0.286  0.429  0.000
92 176
92 175
92 174
93 173
93 172
93 171
94 170
94 169
94 168
94 167
94 166
93 165
92 164
91 163
# end
#  begin
o 6
 0.286  0.429  0.333
96 353
95 353
94 353
93 353
92 353
91 353
# end
#  begin
o 10
 0.286  0.429  0.667
96 136
96 135
95 136
95 137
95 138
94 139
94 140
93 141
93 142
92 143
# end
#  begin
o 23
 0.286  0.429  1.000
102 309
102 308
102 307
101 306
101 305
101 304
100 303
99 302
99 301
98 300
98 299
97 298
97 297
96 296
96 295
96 294
95 293
95 292
94 291
94 290
93 289
93 288
92 287
# end
#  begin
o 7
 0.286  0.571  0.000
95 342
96 343
96 342
95 341
94 341
93 341
92 342
# end
#  begin
o 7
 0.286  0.571  0.333
96 346
96 345
95 346
94 347
93 346
92 345
92 344
# end
#  begin
o 8
 0.286  0.571  0.667
97 159
98 158
98 159
97 160
97 161
96 162
95 163
94 163
# end
#  begin
o 29
 0.286  0.571  1.000
107 411
106 411
105 411
104 412
103 413
103 414
103 415
103 416
103 417
103 418
103 419
103 420
102 421
101 422
100 423
99 424
98 425
98 426
98 427
98 428
99 429
99 430
98 431
98 432
98 433
97 434
97 435
96 436
95 437
# end
#  begin
o 8
 0.286  0.714  0.000
96 83
96 84
97 85
98 84
98 83
98 82
97 82
96 82
# end
#  begin
o 7
 0.286  0.714  0.333
98 127
99 126
99 127
98 128
98 129
97 130
96 131
# end
#  begin
o 23
 0.286  0.714  0.667
101 163
102 162
102 163
101 164
100 165
100 166
100 167
99 168
99 169
99 170
98 171
98 172
98 173
98 174
97 175
97 176
97 177
97 178
97 179
97 180
97 181
97 182
96 183
# end
#  begin
o 7
 0.286  0.714  1.000
99 152
100 153
100 154
99 155
99 156
98 157
97 156
# end
#  begin
o 21
 0.286  0.857  0.000
103 62
102 61
101 61
102 62
103 63
103 64
103 65
102 66
102 67
101 68
100 68
99 67
98 67
98 66
98 65
98 64
98 63
99 62
100 61
99 61
98 62
# end
#  begin
o 7
 0.286  0.857  0.333
98 335
98 336
99 337
100 336
100 335
99 334
98 334
# end
#  begin
o 18
 0.286  0.857  0.667
107 112
108 111
108 110
107 111
106 112
106 113
106 114
105 115
105 116
104 117
105 117
104 118
103 119
102 120
101 121
101 122
100 123
99 124
# end
#  begin
o 15
 0.286  0.857  1.000
105 329
104 328
103 328
104 329
105 330
105 331
105 332
104 333
103 333
102 333
101 332
100 331
100 332
99 331
99 330
# end
#  begin
o 23
 0.286  1.000  0.000
119 440
118 440
117 439
116 438
115 437
114 436
113 437
112 438
111 438
110 437
109 436
108 435
107 435
106 435
105 435
104 436
103 437
103 438
102 439
102 440
101 440
100 440
99 439
# end
#  begin
o 26
 0.286  1.000  0.333
115 126
114 127
113 127
114 128
115 129
114 130
114 131
113 132
113 133
112 134
112 135
111 136
110 137
110 138
109 139
108 140
107 141
106 142
106 143
106 144
105 144
104 145
103 146
102 147
101 148
100 149
# end
#  begin
o 12
 0.286  1.000  0.667
100 363
100 364
100 365
101 365
102 365
103 364
104 363
103 362
102 361
101 361
100 362
100 361
# end
#  begin
o 8
 0.286  1.000  1.000
107 278
107 279
106 278
105 278
104 279
103 279
102 278
101 279
# end
#  begin
o 20
 0.429  0.000  0.000
101 301
101 300
101 299
101 298
101 297
101 296
101 295
101 294
101 293
101 292
101 291
101 290
101 289
101 288
101 287
101 286
101 285
101 284
101 283
101 282
# end
#  begin
o 7
 0.429  0.000  0.333
105 57
106 58
106 59
105 60
104 59
103 58
102 57
# end
#  begin
o 12
 0.429  0.000  0.667
110 81
111 82
111 81
110 80
109 79
108 78
107 77
106 78
105 79
104 80
103 81
102 82
# end
#  begin
o 13
 0.429  0.000  1.000
110 88
111 87
111 86
110 87
109 88
108 88
107 88
106 87
105 87
104 86
103 85
102 84
102 83
# end
#  begin
o 7
 0.429  0.143  0.000
105 156
105 155
104 156
104 157
104 158
103 159
102 160
# end
#  begin
o 6
 0.429  0.143  0.333
104 205
104 204
103 203
103 202
102 201
102 200
# end
#  begin
o 11
 0.429  0.143  0.667
107 346
106 347
107 347
108 346
108 345
107 344
106 344
105 344
104 344
103 345
102 346
# end
#  begin
o 6
 0.429  0.143  1.000
102 447
103 446
103 445
102 444
102 443
102 442
# end
#  begin
o 15
 0.429  0.286  0.000
105 69
104 70
104 69
105 68
106 68
107 69
107 70
107 71
106 72
105 73
106 73
105 74
104 73
103 72
103 71
# end
#  begin
o 31
 0.429  0.286  0.333
107 271
106 272
105 273
106 273
107 272
108 271
108 270
108 269
108 268
108 267
108 266
108 265
108 264
108 263
108 262
108 261
108 260
107 259
106 258
107 258
106 257
106 256
105 255
104 256
103 255
103 254
103 253
103 252
104 251
104 250
103 251
# end
#  begin
o 13
 0.429  0.286  0.667
103 271
104 272
104 271
103 270
103 269
103 268
103 267
103 266
103 265
103 264
104 263
104 262
103 263
# end
#  begin
o 13
 0.429  0.286  1.000
107 98
108 99
108 100
108 101
108 102
107 103
107 104
107 105
106 106
106 107
105 108
105 109
104 110
# end
#  begin
o 6
 0.429  0.429  0.000
104 249
104 248
104 247
104 246
104 245
104 244
# end
#  begin
o 17
 0.429  0.429  0.333
108 358
107 358
108 357
109 357
110 357
111 357
112 356
112 355
112 354
111 354
110 354
109 354
108 354
107 354
106 354
105 355
104 355
# end
#  begin
o 7
 0.429  0.429  0.667
108 409
107 408
107 409
106 408
105 407
104 406
104 405
# end
#  begin
o 7
 0.429  0.429  1.000
107 449
108 450
108 451
107 450
106 449
105 449
104 448
# end
#  begin
o 9
 0.429  0.571  0.000
110 457
109 456
108 455
108 454
107 453
106 452
105 451
105 452
104 453
# end
#  begin
o 24
 0.429  0.571  0.333
111 144
112 143
113 142
114 141
115 140
116 139
117 138
118 138
117 139
116 140
115 141
114 142
113 143
112 144
111 145
110 146
111 146
110 147
109 148
108 149
108 150
107 151
106 152
105 153
# end
#  begin
o 8
 0.429  0.571  0.667
105 243
105 242
105 241
105 240
105 239
105 238
105 237
105 236
# end
#  begin
o 9
 0.429  0.571  1.000
106 235
106 234
106 233
106 232
106 231
106 230
106 229
106 228
106 227
# end
#  begin
o 16
 0.429  0.714  0.000
109 292
110 293
110 292
109 291
109 290
108 289
108 288
108 287
108 286
107 285
107 284
108 283
108 282
107 281
106 281
106 280
# end
#  begin
o 7
 0.429  0.714  0.333
106 460
107 459
107 460
108 459
108 458
107 457
106 457
# end
#  begin
o 8
 0.429  0.714  0.667
115 106
114 107
113 107
112 106
111 106
110 107
109 108
108 109
# end
#  begin
o 40
 0.429  0.714  1.000
111 228
110 227
110 226
110 225
110 224
111 223
111 222
111 221
111 220
112 219
113 219
114 218
115 218
116 218
117 218
118 218
119 217
120 218
119 218
120 219
121 220
121 221
121 222
121 223
121 224
121 225
121 226
121 227
120 228
119 229
118 230
117 230
116 230
115 229
114 229
113 229
112 229
111 229
110 228
109 229
# end
#  begin
o 24
 0.429  0.857  0.000
115 301
114 300
113 299
112 298
112 299
113 300
114 301
115 302
116 303
117 304
118 305
119 306
119 307
119 308
118 309
117 310
116 311
115 311
114 311
113 311
112 312
111 312
110 313
109 313
# end
#  begin
o 15
 0.429  0.857  0.333
121 317
121 316
120 315
120 314
119 313
118 313
117 313
116 313
115 314
114 314
113 314
112 315
111 315
110 315
109 315
# end
#  begin
o 11
 0.429  0.857  0.667
116 341
117 340
117 339
116 340
115 341
114 342
113 341
112 340
111 339
110 338
109 339
# end
#  begin
o 118
 0.429  0.857  1.000
126 252
125 251
125 252
126 253
126 254
126 255
126 256
126 257
126 258
126 259
127 260
127 261
128 262
128 263
127 264
128 265
128 266
128 267
128 268
128 269
128 270
128 271
128 272
128 273
128 274
128 275
128 276
128 277
128 278
127 279
127 280
127 281
127 282
127 283
127 284
127 285
127 286
127 287
126 288
126 289
126 290
127 291
127 292
126 293
126 294
126 295
126 296
126 297
126 298
126 299
125 300
125 301
124 301
123 301
122 301
121 300
120 299
119 298
118 297
117 296
117 295
116 294
116 293
115 292
115 291
114 290
114 289
113 288
113 287
112 286
112 285
112 284
112 283
112 282
112 281
112 280
112 279
111 278
111 277
111 276
111 275
111 274
111 273
111 272
111 271
111 270
111 269
111 268
111 267
111 266
111 265
111 264
111 263
111 262
111 261
110 260
110 259
110 258
110 257
110 256
110 255
110 254
110 253
110 252
110 251
110 250
110 249
110 248
110 247
110 246
110 245
110 244
110 243
110 242
110 241
110 240
110 239
110 238
# end
#  begin
o 10
 0.429  1.000  0.000
116 337
117 338
117 337
116 336
115 336
114 336
113 336
112 336
111 336
110 337
# end
#  begin
o 7
 0.429  1.000  0.333
114 409
115 409
114 410
113 410
112 411
111 410
110 410
# end
#  begin
o 6
 0.429  1.000  0.667
112 96
113 96
113 95
113 94
112 94
111 95
# end
#  begin
o 21
 0.429  1.000  1.000
124 250
125 250
124 249
124 248
124 247
123 246
122 245
122 244
121 243
120 242
119 242
118 241
117 240
116 239
115 239
114 239
113 238
112 238
111 238
112 237
111 237
# end
#  begin
o 32
 0.571  0.000  0.000
117 196
116 197
116 196
117 195
118 194
119 193
120 192
121 191
122 192
122 193
122 194
122 195
122 196
122 197
121 198
121 199
121 200
121 201
121 202
121 203
120 204
119 205
118 206
118 207
117 208
116 208
115 208
114 209
113 210
112 209
112 208
112 207
# end
#  begin
o 11
 0.571  0.000  0.333
117 80
118 79
118 78
117 79
116 80
115 80
114 79
113 78
113 77
113 76
113 75
# end
#  begin
o 7
 0.571  0.000  0.667
117 125
118 124
117 124
116 124
115 124
114 124
113 123
# end
#  begin
o 15
 0.571  0.000  1.000
122 329
121 330
122 330
123 329
123 328
122 327
121 326
120 325
119 325
118 324
117 324
116 325
115 325
114 326
113 326
# end
#  begin
o 9
 0.571  0.143  0.000
119 330
120 331
119 331
118 330
117 330
116 329
115 329
114 328
113 328
# end
#  begin
o 8
 0.571  0.143  0.333
118 77
118 76
117 75
116 74
117 74
116 73
115 73
114 73
# end
#  begin
o 18
 0.571  0.143  0.667
121 102
120 103
121 103
122 102
122 101
122 100
122 99
121 98
121 97
121 96
121 95
121 94
120 93
119 93
118 94
117 95
116 96
115 97
# end
#  begin
o 6
 0.571  0.143  1.000
119 103
118 103
117 102
116 101
115 100
115 99
# end
#  begin
o 11
 0.571  0.286  0.000
116 109
117 108
118 108
118 109
118 110
118 111
117 112
117 113
116 114
116 115
115 116
# end
#  begin
o 21
 0.571  0.286  0.333
132 414
133 415
132 415
131 414
130 414
129 413
128 413
127 413
126 413
125 414
124 414
123 414
122 415
121 415
120 416
119 416
118 416
117 415
117 414
116 413
115 413
# end
#  begin
o 26
 0.571  0.286  0.667
124 440
123 440
122 439
123 439
124 438
124 437
123 437
122 437
121 437
120 438
119 437
118 436
118 437
117 436
116 435
116 434
116 433
116 432
116 431
116 430
116 429
116 428
116 427
116 426
116 425
116 424
# end
#  begin
o 13
 0.571  0.286  1.000
117 88
117 87
118 88
119 87
120 86
121 85
121 84
121 83
121 82
120 82
119 82
118 83
117 84
# end
#  begin
o 7
 0.571  0.429  0.000
117 423
117 422
117 421
118 420
118 419
118 418
117 417
# end
#  begin
o 9
 0.571  0.429  0.333
122 243
121 242
121 241
121 240
120 239
121 239
120 238
119 238
118 239
# end
#  begin
o 14
 0.571  0.429  0.667
123 116
123 115
124 116
125 117
124 118
124 119
123 120
122 120
121 119
120 118
120 117
120 116
120 115
120 114
# end
#  begin
o 10
 0.571  0.429  1.000
125 342
125 341
124 342
123 343
122 343
121 343
120 342
120 341
120 340
120 339
# end
#  begin
o 8
 0.571  0.571  0.000
127 452
126 452
125 452
124 452
123 452
122 452
121 452
120 451
# end
#  begin
o 7
 0.571  0.571  0.333
121 457
122 457
123 456
123 455
122 454
121 454
120 455
# end
#  begin
o 7
 0.571  0.571  0.667
124 338
125 339
125 340
124 339
123 338
122 337
121 337
# end
#  begin
o 11
 0.571  0.571  1.000
125 347
124 347
125 346
126 347
126 348
126 349
125 350
124 349
123 349
122 350
121 351
# end
#  begin
o 15
 0.571  0.714  0.000
123 152
123 151
124 150
125 149
126 148
126 147
126 146
126 145
127 144
126 143
125 142
124 142
123 142
122 141
122 140
# end
#  begin
o 7
 0.571  0.714  0.333
128 422
127 423
126 423
125 423
124 424
123 425
122 426
# end
#  begin
o 6
 0.571  0.714  0.667
124 78
125 79
125 80
124 81
123 80
123 79
# end
#  begin
o 34
 0.571  0.714  1.000
127 188
128 187
128 188
127 189
126 190
126 191
126 192
126 193
125 194
125 195
125 196
125 197
124 198
125 199
125 200
125 201
125 202
125 203
124 204
124 205
124 206
124 207
124 208
125 209
124 210
124 211
124 212
124 213
124 214
124 215
125 216
124 217
124 218
123 219
# end
#  begin
o 19
 0.571  0.857  0.000
135 414
136 414
137 415
138 414
137 413
136 412
135 412
134 412
133 412
132 412
131 412
130 411
129 410
128 409
127 409
126 409
125 408
124 407
123 406
# end
#  begin
o 13
 0.571  0.857  0.333
129 97
128 98
127 98
128 97
129 96
130 95
129 94
129 93
128 92
127 91
126 91
125 92
124 91
# end
#  begin
o 6
 0.571  0.857  0.667
125 97
126 98
126 97
125 96
124 95
124 94
# end
#  begin
o 7
 0.571  0.857  1.000
128 166
127 167
127 168
126 169
126 170
125 171
124 172
# end
#  begin
o 18
 0.571  1.000  0.000
131 312
132 313
133 314
134 315
133 316
133 317
132 318
132 319
131 320
130 321
129 321
128 320
127 320
126 319
125 318
125 317
125 316
124 315
# end
#  begin
o 7
 0.571  1.000  0.333
128 366
127 367
126 368
125 367
124 366
125 365
124 364
# end
#  begin
o 19
 0.571  1.000  0.667
131 133
132 132
133 131
133 130
132 131
131 132
130 133
129 133
128 133
127 132
126 131
125 130
125 129
125 128
125 127
125 126
125 125
125 124
125 123
# end
#  begin
o 38
 0.571  1.000  1.000
134 248
135 247
135 248
134 249
134 250
133 251
132 250
131 249
130 248
129 247
129 246
129 245
129 244
128 243
128 242
128 241
127 240
127 239
127 238
127 237
127 236
126 235
126 234
126 233
126 232
126 231
126 230
126 229
125 228
125 227
125 226
125 225
125 224
125 223
125 222
125 221
125 220
125 219
# end
#  begin
o 10
 0.714  0.000  0.000
128 312
129 313
130 314
131 315
130 315
129 314
128 313
127 312
126 312
125 313
# end
#  begin
o 6
 0.714  0.000  0.333
130 365
129 364
128 364
127 364
126 363
125 364
# end
#  begin
o 17
 0.714  0.000  0.667
133 107
132 108
131 109
130 109
131 108
132 107
133 106
133 105
133 104
133 103
132 102
131 101
130 101
129 102
128 102
127 103
126 102
# end
#  begin
o 17
 0.714  0.000  1.000
133 129
134 128
134 127
133 126
133 125
133 124
133 123
132 122
132 121
132 120
131 119
131 118
130 117
129 118
128 118
127 119
126 120
# end
#  begin
o 55
 0.714  0.143  0.000
142 214
141 215
141 214
142 213
142 212
142 211
143 210
143 209
143 208
143 207
143 206
144 205
144 204
144 203
144 202
145 201
145 200
145 199
145 198
146 197
146 196
146 195
147 194
147 193
147 192
148 191
148 190
148 189
149 188
149 187
149 186
149 185
148 184
147 183
146 182
145 182
144 181
143 181
142 182
141 183
140 184
139 185
138 185
137 185
136 186
135 187
134 187
133 187
132 188
131 187
130 186
129 185
128 185
128 186
127 185
# end
#  begin
o 18
 0.714  0.143  0.333
130 334
129 333
130 333
131 334
132 334
133 335
134 334
135 333
135 332
135 331
134 330
133 329
132 329
131 329
130 328
129 329
128 329
127 330
# end
#  begin
o 13
 0.714  0.143  0.667
129 451
130 450
130 451
131 450
132 450
133 449
133 448
132 449
131 448
130 448
129 448
128 447
127 446
# end
#  begin
o 12
 0.714  0.143  1.000
130 153
129 153
130 154
131 155
132 156
132 157
131 158
131 159
130 160
130 161
129 162
128 163
# end
#  begin
o 22
 0.714  0.286  0.000
138 176
137 177
138 177
139 176
140 176
140 175
140 174
140 173
140 172
139 171
138 171
137 171
136 171
135 171
134 171
133 171
132 171
131 172
130 173
129 174
129 175
128 176
# end
#  begin
o 10
 0.714  0.286  0.333
136 178
135 178
134 178
133 178
132 179
131 179
130 179
129 179
128 178
128 177
# end
#  begin
o 16
 0.714  0.286  0.667
129 344
128 343
128 342
129 343
130 344
131 345
132 345
133 344
134 343
134 342
133 341
132 340
131 339
130 339
129 340
128 339
# end
#  begin
o 19
 0.714  0.286  1.000
134 308
135 308
134 309
133 309
132 308
132 307
131 306
131 305
131 304
131 303
131 302
131 301
131 300
131 299
131 298
131 297
131 296
131 295
130 294
# end
#  begin
o 9
 0.714  0.429  0.000
137 421
137 422
136 422
135 422
134 422
133 422
132 422
131 422
130 422
# end
#  begin
o 7
 0.714  0.429  0.333
131 357
131 358
132 358
133 357
133 356
132 355
131 356
# end
#  begin
o 16
 0.714  0.429  0.667
137 417
136 416
137 416
138 417
139 417
140 418
139 419
138 419
137 419
136 419
135 419
134 419
133 418
132 418
131 418
131 417
# end
#  begin
o 7
 0.714  0.429  1.000
132 295
132 294
132 293
132 292
132 291
132 290
132 289
# end
#  begin
o 7
 0.714  0.571  0.000
136 424
137 425
136 425
135 425
134 425
133 424
132 423
# end
#  begin
o 8
 0.714  0.571  0.333
135 278
135 277
134 278
134 279
134 280
134 281
134 282
133 283
# end
#  begin
o 6
 0.714  0.571  0.667
133 289
133 288
133 287
133 286
133 285
133 284
# end
#  begin
o 12
 0.714  0.571  1.000
136 98
135 98
136 99
137 100
138 101
138 102
137 103
136 102
135 101
134 100
134 99
134 98
# end
#  begin
o 17
 0.714  0.714  0.000
142 144
141 145
140 146
141 146
142 145
143 144
143 143
143 142
142 141
141 140
140 139
139 138
138 137
137 138
136 138
135 139
134 140
# end
#  begin
o 9
 0.714  0.714  0.333
139 147
138 147
137 148
136 147
135 146
134 145
134 144
134 143
134 142
# end
#  begin
o 10
 0.714  0.714  0.667
136 350
135 350
136 349
137 349
138 348
137 347
136 346
135 347
134 348
134 347
# end
#  begin
o 31
 0.714  0.714  1.000
141 216
141 217
140 218
140 219
140 220
140 221
140 222
139 223
139 224
139 225
139 226
139 227
138 228
138 229
138 230
138 231
138 232
138 233
138 234
137 235
137 236
137 237
137 238
137 239
137 240
137 241
137 242
137 243
136 244
136 245
135 246
# end
#  begin
o 38
 0.714  0.857  0.000
159 236
160 235
161 234
161 235
160 236
159 237
159 238
158 239
157 240
156 241
155 242
154 243
153 244
152 245
151 246
150 247
149 248
149 247
148 248
147 248
146 249
145 249
144 249
143 249
142 250
141 251
140 252
139 253
139 254
138 255
138 256
137 257
137 258
136 259
136 260
136 261
136 262
135 263
# end
#  begin
o 13
 0.714  0.857  0.333
135 276
135 275
135 274
135 273
135 272
135 271
135 270
136 269
135 268
135 267
136 266
135 265
135 264
# end
#  begin
o 20
 0.714  0.857  0.667
140 121
139 120
139 121
140 122
141 122
142 121
143 120
143 119
143 118
143 117
142 116
142 115
141 114
140 113
139 113
138 112
139 111
138 110
137 111
136 111
# end
#  begin
o 75
 0.714  0.857  1.000
180 242
181 241
181 242
180 243
180 244
180 245
179 246
179 247
178 248
178 249
177 250
177 251
177 252
177 253
176 254
175 255
176 255
175 256
174 257
174 258
173 259
172 260
171 261
170 262
170 263
169 264
168 265
168 266
167 267
166 268
166 269
165 270
164 271
163 272
162 273
161 274
160 275
159 276
160 276
159 277
158 278
157 279
157 280
156 281
155 282
154 283
153 284
154 284
153 285
152 286
152 287
151 288
150 289
149 290
150 290
149 291
148 292
147 293
147 294
146 295
146 296
145 297
144 298
143 299
143 300
142 301
142 302
141 303
140 304
140 305
139 306
138 307
138 308
137 309
136 309
# end
#  begin
o 7
 0.714  1.000  0.000
139 409
140 410
140 411
139 411
138 411
137 410
136 409
# end
#  begin
o 10
 0.714  1.000  0.333
138 453
137 453
138 452
138 451
138 450
138 449
137 448
137 447
137 446
136 446
# end
#  begin
o 9
 0.714  1.000  0.667
141 314
142 315
143 316
142 316
141 315
140 314
139 314
138 315
137 316
# end
#  begin
o 7
 0.714  1.000  1.000
139 119
138 119
138 118
138 117
138 116
138 115
138 114
# end
#  begin
o 26
 0.857  0.000  0.000
143 157
144 156
145 156
146 157
147 158
147 159
147 160
146 161
145 162
144 163
143 163
142 164
141 164
140 164
139 164
138 163
138 162
138 161
139 160
140 159
141 158
142 157
141 157
140 158
139 159
138 160
# end
#  begin
o 8
 0.857  0.000  0.333
141 321
142 321
141 320
140 320
139 320
138 319
138 318
138 317
# end
#  begin
o 7
 0.857  0.000  0.667
139 328
140 329
139 329
138 328
138 327
139 326
138 325
# end
#  begin
o 14
 0.857  0.000  1.000
146 409
146 408
145 409
144 409
143 408
142 407
141 406
140 405
140 404
140 403
140 402
140 401
139 401
138 402
# end
#  begin
o 6
 0.857  0.143  0.000
143 459
142 458
141 457
140 457
139 458
138 459
# end
#  begin
o 6
 0.857  0.143  0.333
141 329
142 329
143 328
142 327
141 326
140 326
# end
#  begin
o 25
 0.857  0.143  0.667
149 240
150 239
151 238
152 237
153 236
154 235
154 234
153 235
152 236
151 237
150 238
149 239
148 240
147 241
146 241
145 241
144 241
143 240
142 239
142 238
142 237
142 236
142 235
142 234
142 233
# end
#  begin
o 14
 0.857  0.143  1.000
150 134
149 134
150 133
150 132
151 131
150 130
150 129
149 128
148 127
147 126
146 126
145 126
144 127
143 128
# end
#  begin
o 8
 0.857  0.286  0.000
148 134
147 134
146 133
145 133
144 132
144 131
143 130
143 129
# end
#  begin
o 6
 0.857  0.286  0.333
143 232
143 231
143 230
143 229
143 228
143 227
# end
#  begin
o 81
 0.857  0.286  0.667
208 249
209 248
210 247
211 246
210 246
209 247
208 248
207 249
206 249
205 250
204 251
203 252
202 252
201 253
201 252
200 253
199 254
198 254
197 255
196 256
195 256
194 256
193 257
192 257
191 258
190 258
189 259
188 260
187 260
186 261
185 261
184 262
183 263
182 264
181 265
180 266
179 267
178 268
177 269
176 270
175 271
174 272
173 273
172 274
171 275
170 276
169 277
170 277
169 278
168 279
167 280
166 281
165 282
164 283
163 284
162 285
161 286
160 287
159 288
159 289
159 290
158 291
157 292
157 293
156 294
155 295
154 296
153 297
154 297
153 298
152 299
151 300
150 301
150 302
149 303
148 304
147 305
146 306
145 307
144 308
143 307
# end
#  begin
o 73
 0.857  0.286  1.000
211 273
210 272
209 271
208 272
207 272
206 273
205 274
204 275
203 275
202 276
201 277
200 278
200 277
199 278
198 279
197 280
196 280
195 280
194 280
193 281
192 282
191 283
190 284
189 284
188 285
187 286
186 286
185 287
184 288
183 289
182 290
181 291
181 290
180 291
179 292
178 292
177 293
176 294
175 294
174 295
173 296
172 297
171 297
170 298
169 299
168 300
167 301
166 301
165 302
164 303
163 304
163 303
162 304
161 305
160 306
159 306
158 307
157 308
156 309
155 309
154 310
153 310
152 311
151 312
150 312
149 313
148 313
147 314
146 315
145 314
144 313
143 313
143 312
# end
#  begin
o 15
 0.857  0.429  0.000
146 335
145 334
144 333
145 333
146 334
147 335
147 336
147 337
146 337
145 337
144 336
143 336
143 335
143 334
143 333
# end
#  begin
o 6
 0.857  0.429  0.333
146 407
145 406
145 405
144 404
143 403
143 402
# end
#  begin
o 15
 0.857  0.429  0.667
153 144
152 143
152 144
153 145
154 146
153 147
152 148
151 148
150 149
149 150
148 151
147 152
146 153
145 154
144 154
# end
#  begin
o 6
 0.857  0.429  1.000
144 226
144 225
144 224
145 223
145 222
144 221
# end
#  begin
o 12
 0.857  0.571  0.000
153 405
154 405
153 406
152 406
151 406
150 405
149 404
148 403
147 403
146 402
145 401
144 400
# end
#  begin
o 9
 0.857  0.571  0.333
151 141
151 142
150 141
149 141
148 142
147 143
146 144
146 145
145 146
# end
#  begin
o 9
 0.857  0.571  0.667
151 149
150 150
149 151
148 152
147 151
146 150
145 149
145 148
145 147
# end
#  begin
o 14
 0.857  0.571  1.000
148 208
148 207
147 208
147 209
147 210
147 211
147 212
147 213
146 214
146 215
146 216
146 217
146 218
145 219
# end
#  begin
o 22
 0.857  0.714  0.000
166 321
165 321
164 322
163 322
162 321
161 321
160 321
159 321
158 321
157 321
156 321
155 322
154 322
153 322
152 322
151 322
150 322
149 323
148 323
147 323
146 323
145 324
# end
#  begin
o 16
 0.857  0.714  0.333
146 327
147 328
148 329
149 330
150 331
151 332
152 333
153 333
152 332
151 331
150 330
149 329
148 328
147 327
146 326
145 327
# end
#  begin
o 27
 0.857  0.714  0.667
171 419
170 419
169 420
168 421
167 422
166 423
165 424
164 425
163 425
162 426
161 426
160 426
159 426
158 426
157 426
156 426
155 426
154 426
153 425
152 424
152 425
151 424
150 423
149 424
148 424
147 423
146 423
# end
#  begin
o 6
 0.857  0.714  1.000
147 429
148 429
148 428
148 427
148 426
147 425
# end
#  begin
o 7
 0.857  0.857  0.000
153 128
152 127
151 126
150 125
150 124
149 123
148 124
# end
#  begin
o 15
 0.857  0.857  0.333
154 168
153 167
152 167
153 168
154 169
154 170
154 171
153 172
153 173
152 174
151 174
150 174
149 173
148 172
148 171
# end
#  begin
o 11
 0.857  0.857  0.667
150 198
151 197
151 198
150 199
150 200
149 201
149 202
149 203
149 204
149 205
148 206
# end
#  begin
o 12
 0.857  0.857  1.000
157 313
158 312
157 312
156 313
155 314
154 314
153 315
152 315
151 316
150 316
149 317
148 317
# end
#  begin
o 14
 0.857  1.000  0.000
157 344
156 345
156 346
157 347
156 347
155 346
154 347
153 347
152 348
151 348
150 347
149 346
148 345
148 344
# end
#  begin
o 10
 0.857  1.000  0.333
155 430
156 431
155 431
154 430
153 430
152 430
151 431
150 431
149 431
148 431
# end
#  begin
o 35
 0.857  1.000  0.667
181 313
182 312
181 312
180 313
179 313
178 314
177 314
176 315
175 315
174 315
173 315
172 316
171 316
170 316
169 316
168 317
167 317
166 317
165 317
164 317
163 317
162 317
161 317
160 318
159 318
158 318
157 318
156 318
155 318
154 318
153 318
152 319
151 318
150 318
149 319
# end
#  begin
o 6
 0.857  1.000  1.000
154 345
153 345
152 344
151 343
150 343
149 343
# end
#  begin
o 28
 1.000  0.000  0.000
171 457
172 458
172 457
171 456
170 456
169 456
168 455
167 455
166 454
165 454
164 454
163 453
162 453
161 453
160 452
159 452
158 452
157 452
156 452
155 451
154 451
153 450
152 449
151 448
150 447
150 446
151 445
150 444
# end
#  begin
o 8
 1.000  0.000  0.333
150 460
150 459
150 458
150 457
151 456
150 455
150 454
150 453
# end
#  begin
o 9
 1.000  0.000  0.667
154 400
153 400
152 401
151 400
151 399
151 398
152 397
152 396
151 397
# end
#  begin
o 6
 1.000  0.000  1.000
153 458
154 457
153 457
152 458
152 459
151 460
# end
#  begin
o 7
 1.000  0.143  0.000
155 129
156 128
155 127
154 126
153 125
153 124
152 123
# end
#  begin
o 7
 1.000  0.143  0.333
152 191
152 190
152 189
152 188
153 187
153 186
152 187
# end
#  begin
o 6
 1.000  0.143  0.667
157 241
156 242
155 243
154 244
153 245
152 246
# end
#  begin
o 10
 1.000  0.143  1.000
158 340
157 339
157 340
156 341
155 341
154 340
153 340
152 340
152 339
152 338
# end
#  begin
o 41
 1.000  0.286  0.000
170 403
169 402
169 401
168 400
168 399
167 400
166 401
166 400
166 399
166 398
166 397
167 396
167 395
168 394
168 393
167 392
167 391
167 390
166 390
165 390
164 391
163 392
162 391
161 390
161 391
160 390
160 389
161 388
161 387
160 386
159 387
158 388
158 389
157 389
156 389
155 390
155 391
155 392
154 393
153 393
152 394
# end
#  begin
o 18
 1.000  0.286  0.333
160 151
159 151
160 150
161 150
162 150
163 151
162 152
162 153
162 154
161 155
160 156
159 157
158 158
157 159
156 159
155 158
154 158
153 159
# end
#  begin
o 18
 1.000  0.286  0.667
165 440
166 439
166 438
165 439
164 439
163 439
162 439
161 439
160 439
159 439
158 438
157 438
156 437
155 436
156 436
155 435
154 434
153 433
# end
#  begin
o 23
 1.000  0.286  1.000
171 170
172 170
171 169
170 169
169 169
168 169
167 169
166 169
165 169
164 169
163 169
162 169
162 168
161 169
160 170
159 170
158 171
157 172
157 173
156 174
156 175
155 176
154 177
# end
#  begin
o 13
 1.000  0.429  0.000
159 222
160 221
160 222
159 223
158 224
158 225
158 226
158 227
157 228
157 229
156 230
155 231
154 232
# end
#  begin
o 21
 1.000  0.429  0.333
173 328
172 329
171 330
171 329
170 330
169 331
168 331
167 332
166 332
165 333
164 334
163 334
162 334
161 334
160 334
159 334
158 334
157 333
156 333
155 332
154 332
# end
#  begin
o 21
 1.000  0.429  0.667
157 138
157 137
158 137
159 137
160 138
161 139
162 140
163 141
164 142
163 143
163 144
163 145
162 145
161 145
160 144
159 143
158 142
157 141
157 140
156 139
155 140
# end
#  begin
o 8
 1.000  0.429  1.000
163 451
162 451
161 450
160 450
159 450
158 450
157 449
156 449
# end
#  begin
o 12
 1.000  0.571  0.000
167 427
167 426
166 427
165 427
164 428
163 428
162 429
161 429
160 430
159 430
158 431
157 431
# end
#  begin
o 8
 1.000  0.571  0.333
160 401
159 400
158 399
159 399
160 398
159 397
159 396
158 397
# end
#  begin
o 9
 1.000  0.571  0.667
163 310
164 309
163 309
162 310
161 311
160 312
159 312
160 311
159 310
# end
#  begin
o 9
 1.000  0.571  1.000
168 280
167 281
166 282
165 283
164 284
163 285
162 286
161 287
160 288
# end
#  begin
o 24
 1.000  0.714  0.000
182 219
183 218
182 218
181 219
180 219
179 220
178 221
177 222
176 222
175 223
174 223
173 223
172 224
171 224
170 225
169 225
168 226
167 227
166 228
165 229
164 230
163 231
162 232
161 233
# end
#  begin
o 12
 1.000  0.714  0.333
171 161
171 160
170 161
169 161
168 162
167 161
166 161
165 161
164 160
163 159
162 158
162 157
# end
#  begin
o 11
 1.000  0.714  0.667
166 204
166 203
165 204
165 205
165 206
164 207
164 208
164 209
164 210
163 211
162 212
# end
#  begin
o 12
 1.000  0.714  1.000
164 136
165 137
166 138
167 138
168 138
169 139
168 140
167 141
166 141
165 140
164 139
163 138
# end
#  begin
o 10
 1.000  0.857  0.000
171 159
171 158
170 157
169 156
168 155
167 154
166 154
165 155
164 155
163 156
# end
#  begin
o 63
 1.000  0.857  0.333
197 188
198 187
199 186
200 185
201 184
202 183
203 182
204 181
205 180
206 179
207 178
207 177
207 176
208 177
208 178
207 179
206 180
205 181
204 182
203 183
202 184
201 185
200 186
199 187
198 188
197 189
196 190
196 191
195 192
194 193
193 194
192 195
191 196
191 197
190 198
189 199
189 200
188 201
188 202
187 203
186 204
186 205
185 206
184 207
183 208
182 209
181 209
180 210
179 210
178 211
177 212
176 213
175 214
174 215
173 216
172 217
171 218
170 219
169 220
168 221
167 222
166 223
165 222
# end
#  begin
o 102
 1.000  0.857  0.667
254 266
253 267
252 268
253 268
254 267
255 266
255 265
254 264
253 263
252 262
252 261
252 260
252 259
251 259
250 259
249 259
248 259
247 260
246 261
245 261
244 262
243 262
242 263
241 264
240 264
239 265
238 266
237 266
236 267
235 267
234 268
233 269
232 270
231 271
231 270
230 271
229 271
228 272
227 272
226 273
225 273
224 274
223 274
222 275
221 276
220 277
219 277
218 278
217 279
217 278
216 279
215 279
214 280
213 281
212 281
211 282
210 282
209 283
208 283
207 284
206 284
205 285
204 285
203 286
202 287
201 287
200 288
199 288
198 289
197 290
196 290
195 291
194 291
193 292
192 293
191 293
190 294
189 295
188 296
187 296
186 297
185 297
184 298
183 299
182 299
181 300
180 300
179 301
178 301
177 302
176 303
175 303
174 304
173 304
172 305
171 305
170 306
169 307
168 307
167 308
166 308
165 309
# end
#  begin
o 6
 1.000  0.857  1.000
170 449
169 449
168 449
167 449
166 450
165 450
# end
#  begin
o 8
 1.000  1.000  0.000
169 196
169 195
168 196
168 197
168 198
168 199
167 200
166 201
# end
#  begin
o 7
 1.000  1.000  0.333
167 216
168 215
168 216
167 217
167 218
167 219
166 220
# end
#  begin
o 6
 1.000  1.000  0.667
170 392
169 391
169 390
169 389
168 388
167 387
# end
#  begin
o 6
 1.000  1.000  1.000
169 428
169 429
168 430
168 431
168 432
167 433
# end
#  begin
o 10
 0.000  0.000  0.333
175 453
176 453
175 454
174 454
173 454
172 454
171 454
170 454
169 453
168 453
# end
#  begin
o 10
 0.000  0.000  0.667
173 187
173 186
172 187
172 188
172 189
171 190
171 191
170 192
170 193
169 194
# end
#  begin
o 7
 0.000  0.000  1.000
171 207
171 206
170 207
170 208
170 209
170 210
169 211
# end
#  begin
o 16
 0.000  0.143  0.000
184 377
183 376
182 375
181 374
180 373
179 373
178 373
177 373
176 373
175 374
174 375
173 376
172 377
171 378
170 379
169 380
# end
#  begin
o 7
 0.000  0.143  0.333
169 386
169 385
170 384
171 384
170 383
169 382
169 381
# end
#  begin
o 8
 0.000  0.143  0.667
175 438
174 437
174 436
173 435
172 435
171 436
170 437
169 436
# end
#  begin
o 8
 0.000  0.143  1.000
172 201
173 200
173 201
172 202
172 203
172 204
171 205
170 204
# end
#  begin
o 10
 0.000  0.286  0.000
179 211
178 212
177 213
176 214
175 215
174 216
173 217
172 218
171 219
170 220
# end
#  begin
o 21
 0.000  0.286  0.333
173 151
172 150
171 149
171 148
172 149
173 150
174 151
175 151
176 152
177 151
178 150
179 149
179 148
178 147
177 146
176 145
175 145
174 145
173 145
172 145
171 146
# end
#  begin
o 13
 0.000  0.286  0.667
183 262
182 263
181 264
180 265
179 266
178 267
177 268
176 269
175 270
174 271
173 272
172 273
171 274
# end
#  begin
o 8
 0.000  0.286  1.000
172 401
173 402
174 403
175 404
174 405
173 404
172 403
171 402
# end
#  begin
o 12
 0.000  0.429  0.000
184 140
183 140
182 139
181 139
180 139
179 139
178 138
177 138
176 138
175 138
174 138
173 137
# end
#  begin
o 11
 0.000  0.429  0.333
177 190
177 189
176 190
176 191
176 192
176 193
175 194
175 195
175 196
174 197
173 198
# end
#  begin
o 6
 0.000  0.429  0.667
178 427
177 428
176 428
175 428
174 427
173 426
# end
#  begin
o 18
 0.000  0.429  1.000
185 447
184 447
183 447
182 446
181 446
180 445
179 446
178 446
177 446
177 445
178 444
178 443
177 442
176 442
175 441
174 440
173 439
173 438
# end
#  begin
o 9
 0.000  0.571  0.000
182 141
181 141
180 141
179 141
178 140
177 140
176 140
175 140
174 140
# end
#  begin
o 12
 0.000  0.571  0.333
178 175
179 174
179 175
178 176
178 177
177 178
176 179
176 180
175 181
175 182
175 183
174 184
# end
#  begin
o 6
 0.000  0.571  0.667
177 168
178 168
177 169
177 170
176 171
175 170
# end
#  begin
o 6
 0.000  0.571  1.000
176 400
177 400
178 401
177 402
176 402
175 401
# end
#  begin
o 13
 0.000  0.714  0.000
186 417
185 418
185 419
184 420
183 420
182 420
181 420
180 420
179 420
178 421
177 422
176 423
175 424
# end
#  begin
o 9
 0.000  0.714  0.333
182 142
183 143
182 144
181 144
180 144
179 143
178 143
177 143
176 143
# end
#  begin
o 6
 0.000  0.714  0.667
180 415
179 415
178 416
177 417
177 418
176 419
# end
#  begin
o 7
 0.000  0.714  1.000
179 184
179 183
178 184
178 185
178 186
178 187
177 188
# end
#  begin
o 7
 0.000  0.857  0.000
183 381
182 381
181 381
180 382
179 381
178 380
177 381
# end
#  begin
o 7
 0.000  0.857  0.333
178 385
178 386
179 386
180 386
180 385
179 384
178 384
# end
#  begin
o 7
 0.000  0.857  0.667
178 457
179 457
180 456
179 455
178 455
178 454
178 453
# end
#  begin
o 17
 0.000  0.857  1.000
181 161
180 162
180 161
181 160
182 160
183 160
184 161
185 162
185 163
184 164
185 164
184 165
183 165
182 165
181 164
180 164
179 163
# end
#  begin
o 6
 0.000  1.000  0.000
180 448
180 449
180 450
180 451
180 452
179 453
# end
#  begin
o 7
 0.000  1.000  0.333
180 181
181 180
180 180
181 179
181 178
181 177
180 176
# end
#  begin
o 6
 0.000  1.000  0.667
182 237
183 236
183 237
182 238
182 239
181 240
# end
#  begin
o 15
 0.000  1.000  1.000
189 165
190 164
189 164
188 165
187 166
187 167
186 168
185 169
185 170
184 171
184 172
183 173
183 174
183 175
182 176
# end
#  begin
o 16
 0.143  0.000  0.000
185 222
185 221
186 222
186 223
186 224
185 225
185 226
185 227
185 228
185 229
185 230
184 231
184 232
184 233
184 234
183 235
# end
#  begin
o 61
 0.143  0.000  0.333
240 283
241 282
240 282
239 283
238 284
238 283
237 284
236 284
235 285
234 285
233 286
232 286
231 287
230 287
229 288
228 288
227 289
226 290
225 290
224 290
223 290
222 291
221 292
220 292
219 292
218 293
217 294
216 293
215 294
214 295
213 296
212 296
211 297
210 297
209 298
208 299
207 299
206 300
205 300
204 301
203 302
202 302
201 303
200 303
199 304
198 304
197 305
196 305
195 306
194 306
193 307
192 307
191 308
190 308
189 309
188 309
187 310
186 310
185 311
184 311
183 312
# end
#  begin
o 43
 0.143  0.000  0.667
197 438
196 438
197 439
198 440
199 440
200 440
201 441
200 442
199 442
198 442
197 442
196 441
195 441
194 441
193 441
192 441
191 442
191 443
191 444
192 445
193 445
194 444
195 444
196 445
197 445
198 446
199 447
198 448
197 448
196 448
195 448
194 448
193 449
192 449
191 449
190 449
189 450
188 449
187 449
186 449
185 450
184 450
183 449
# end
#  begin
o 21
 0.143  0.000  1.000
185 381
186 380
187 379
187 378
186 377
186 376
185 375
185 374
185 373
186 372
186 371
185 370
185 369
185 368
184 367
184 366
185 365
186 364
186 363
185 364
184 365
# end
#  begin
o 19
 0.143  0.143  0.000
194 152
193 153
192 154
193 154
194 153
195 152
195 151
195 150
194 149
193 149
192 149
191 148
190 148
189 148
188 148
187 149
186 150
186 151
185 152
# end
#  begin
o 9
 0.143  0.143  0.333
187 252
188 251
189 250
188 250
187 251
186 252
185 251
185 250
185 249
# end
#  begin
o 7
 0.143  0.143  0.667
185 423
186 424
187 423
187 422
187 421
186 421
185 422
# end
#  begin
o 6
 0.143  0.143  1.000
191 154
190 155
189 155
188 155
187 154
186 153
# end
#  begin
o 8
 0.143  0.286  0.000
188 241
189 240
189 241
188 242
188 243
187 244
187 245
186 246
# end
#  begin
o 13
 0.143  0.286  0.333
191 391
190 391
191 390
191 389
191 388
190 387
191 387
190 386
189 385
189 384
188 383
187 382
186 383
# end
#  begin
o 10
 0.143  0.286  0.667
196 430
195 429
194 429
193 428
192 428
191 427
190 427
189 428
188 429
187 428
# end
#  begin
o 20
 0.143  0.286  1.000
197 354
196 355
197 356
198 357
199 357
199 356
198 355
199 355
198 354
197 353
196 353
195 353
194 352
193 351
192 350
191 350
190 350
189 349
188 348
188 347
# end
#  begin
o 10
 0.143  0.429  0.000
195 365
194 366
194 365
193 366
192 366
191 366
190 365
189 364
188 363
188 362
# end
#  begin
o 11
 0.143  0.429  0.333
195 427
196 428
196 427
195 426
194 426
193 426
192 426
191 425
190 424
189 424
188 424
# end
#  begin
o 6
 0.143  0.429  0.667
188 444
189 444
189 443
188 442
188 441
188 440
# end
#  begin
o 13
 0.143  0.429  1.000
201 141
200 141
199 141
198 141
197 141
196 141
195 141
194 141
193 141
192 141
191 141
190 141
189 141
# end
#  begin
o 6
 0.143  0.571  0.000
190 236
191 235
191 236
190 237
190 238
189 239
# end
#  begin
o 7
 0.143  0.571  0.333
193 342
192 341
192 340
192 339
191 339
190 339
189 340
# end
#  begin
o 7
 0.143  0.571  0.667
194 422
194 421
193 421
192 421
191 421
190 421
189 421
# end
#  begin
o 9
 0.143  0.571  1.000
198 143
197 143
196 143
195 143
194 143
193 143
192 143
191 143
190 143
# end
#  begin
o 29
 0.143  0.714  0.000
214 236
215 235
214 235
213 236
212 236
211 237
210 237
209 238
208 238
207 238
206 239
205 239
204 240
203 240
202 241
201 241
200 242
199 243
198 244
197 245
197 244
196 245
195 246
194 247
193 248
193 247
192 248
191 249
190 250
# end
#  begin
o 12
 0.143  0.714  0.333
193 344
194 345
195 346
196 347
195 348
195 347
194 346
193 345
192 344
191 343
190 342
190 341
# end
#  begin
o 23
 0.143  0.714  0.667
205 173
206 174
207 175
206 175
205 174
204 173
204 172
203 171
202 170
202 169
202 168
201 167
200 167
199 167
198 167
197 166
196 166
195 165
194 164
194 165
193 164
192 164
191 164
# end
#  begin
o 9
 0.143  0.714  1.000
193 206
194 205
194 206
193 207
193 208
193 209
193 210
192 211
191 210
# end
#  begin
o 28
 0.143  0.857  0.000
209 211
210 210
209 210
208 211
207 212
206 213
205 213
204 214
203 214
202 215
201 215
200 216
199 217
198 218
197 218
196 219
195 220
194 221
193 221
192 220
192 219
192 218
192 217
191 216
191 215
191 214
191 213
191 212
# end
#  begin
o 30
 0.143  0.857  0.333
212 216
213 215
214 214
215 213
214 213
213 214
212 215
211 216
210 216
209 217
208 217
207 218
206 219
205 220
204 220
203 221
202 222
201 222
200 223
199 224
198 225
197 226
196 227
195 228
194 229
193 230
192 231
192 232
192 233
191 234
# end
#  begin
o 7
 0.143  0.857  0.667
198 414
197 415
196 416
195 416
194 415
193 414
192 413
# end
#  begin
o 13
 0.143  0.857  1.000
203 157
204 158
204 159
203 158
202 157
201 156
200 155
199 154
198 154
197 154
196 155
195 156
194 155
# end
#  begin
o 7
 0.143  1.000  0.000
198 160
199 161
198 161
197 160
196 159
195 158
194 157
# end
#  begin
o 45
 0.143  1.000  0.333
225 190
224 190
225 189
225 188
224 187
223 186
222 185
221 184
220 183
220 182
219 181
220 181
219 180
218 179
217 178
216 178
215 178
214 178
213 178
212 179
211 180
210 181
209 182
208 183
207 184
206 185
205 186
204 187
204 188
204 189
203 190
202 191
201 192
200 193
200 194
199 195
199 196
198 197
198 198
197 199
197 200
196 201
195 202
195 203
194 204
# end
#  begin
o 9
 0.143  1.000  0.667
196 344
197 344
198 344
198 343
197 342
196 342
195 341
194 340
194 339
# end
#  begin
o 16
 0.143  1.000  1.000
202 396
203 397
203 398
203 399
204 400
203 401
202 401
201 400
200 400
199 399
198 398
197 398
196 397
195 396
194 395
194 394
# end
#  begin
o 8
 0.286  0.000  0.000
200 332
199 331
198 331
198 332
198 333
197 334
196 334
195 333
# end
#  begin
o 7
 0.286  0.000  0.333
199 337
200 338
199 338
198 337
197 336
196 337
195 338
# end
#  begin
o 9
 0.286  0.000  0.667
200 388
201 389
201 390
200 389
199 388
198 387
197 387
196 386
196 385
# end
#  begin
o 15
 0.286  0.000  1.000
206 454
205 454
206 455
207 456
206 457
205 457
204 457
203 457
202 457
201 457
200 457
199 457
198 457
197 457
196 457
# end
#  begin
o 6
 0.286  0.143  0.000
202 331
201 330
200 329
199 329
198 329
197 329
# end
#  begin
o 10
 0.286  0.143  0.333
200 376
199 376
200 377
201 378
200 379
199 380
200 380
199 381
198 382
197 383
# end
#  begin
o 8
 0.286  0.143  0.667
197 390
198 391
199 392
200 392
199 391
198 390
197 389
197 388
# end
#  begin
o 7
 0.286  0.143  1.000
200 374
201 373
202 372
202 371
201 372
200 373
199 374
# end
#  begin
o 15
 0.286  0.286  0.000
212 350
212 351
211 351
210 351
209 351
208 352
207 353
206 353
205 354
205 353
204 354
203 355
202 356
201 357
200 358
# end
#  begin
o 24
 0.286  0.286  0.333
223 458
222 459
221 458
220 458
219 457
218 456
217 455
216 454
215 453
214 452
213 451
212 451
211 451
210 451
209 451
208 452
207 452
206 452
205 452
204 452
203 451
202 451
201 451
200 450
# end
#  begin
o 18
 0.286  0.286  0.667
213 339
214 340
213 340
212 339
211 338
210 338
209 337
208 336
207 335
208 335
207 336
206 337
205 336
204 336
203 336
202 335
201 335
201 334
# end
#  begin
o 11
 0.286  0.286  1.000
211 341
210 341
209 341
208 340
207 340
206 339
205 339
204 339
203 338
202 338
201 338
# end
#  begin
o 13
 0.286  0.429  0.000
212 334
211 333
210 332
209 331
208 331
207 331
206 332
207 333
206 333
205 333
204 332
203 333
202 333
# end
#  begin
o 9
 0.286  0.429  0.333
204 362
204 361
203 362
203 363
203 364
203 365
203 366
203 367
202 368
# end
#  begin
o 25
 0.286  0.429  0.667
213 147
212 146
213 146
214 147
215 148
215 147
216 148
216 149
216 150
215 150
216 151
217 152
216 152
215 151
214 150
213 149
212 149
211 148
210 148
209 147
208 146
207 145
206 144
205 143
204 143
# end
#  begin
o 11
 0.286  0.429  1.000
213 155
213 154
212 155
211 156
210 156
209 155
208 155
207 154
206 153
205 152
204 151
# end
#  begin
o 8
 0.286  0.571  0.000
211 423
210 423
209 422
208 422
207 421
206 421
205 421
204 421
# end
#  begin
o 10
 0.286  0.571  0.333
213 153
212 152
212 153
211 152
210 151
209 150
208 150
207 149
206 149
205 149
# end
#  begin
o 27
 0.286  0.571  0.667
214 417
213 416
212 415
213 415
214 416
215 417
216 418
217 417
217 416
218 417
218 416
217 415
217 414
216 413
215 412
215 411
214 410
213 409
212 408
211 408
210 407
209 406
208 406
207 405
206 404
205 404
205 403
# end
#  begin
o 7
 0.286  0.571  1.000
210 381
210 380
209 381
209 382
210 383
209 383
208 382
# end
#  begin
o 6
 0.286  0.714  0.000
212 418
212 419
211 418
210 418
209 417
208 417
# end
#  begin
o 10
 0.286  0.714  0.333
216 429
215 428
214 427
214 428
213 427
212 426
211 426
210 426
209 425
208 424
# end
#  begin
o 13
 0.286  0.714  0.667
214 168
213 168
214 169
215 170
215 171
214 172
213 173
212 173
211 173
210 172
209 171
209 170
209 169
# end
#  begin
o 6
 0.286  0.714  1.000
214 289
213 290
212 291
211 292
210 293
209 293
# end
#  begin
o 6
 0.286  0.857  0.000
214 379
213 380
213 379
212 379
211 378
210 378
# end
#  begin
o 23
 0.286  0.857  0.333
228 201
229 200
230 199
230 198
229 199
228 200
227 201
226 201
225 202
224 202
223 203
222 203
221 204
220 204
219 205
218 205
217 206
216 207
215 207
214 208
213 208
212 209
211 210
# end
#  begin
o 28
 0.286  0.857  0.667
236 260
237 259
236 259
235 260
234 260
233 261
232 261
231 262
230 262
229 262
228 262
227 263
226 264
225 264
224 265
223 265
222 266
221 267
220 267
219 268
218 269
217 269
216 269
215 269
214 270
213 271
212 271
211 272
# end
#  begin
o 12
 0.286  0.857  1.000
221 384
221 383
220 384
219 385
218 385
217 385
216 384
215 384
214 384
213 384
212 384
211 383
# end
#  begin
o 21
 0.286  1.000  0.000
227 238
228 237
229 236
228 236
227 237
226 238
225 238
224 239
223 239
222 240
221 240
220 241
219 241
218 242
217 243
217 242
216 243
215 244
214 245
213 245
212 246
# end
#  begin
o 42
 0.286  1.000  0.333
228 318
227 319
226 320
226 319
227 318
228 317
229 316
230 315
231 314
232 313
233 313
234 312
234 311
233 311
232 311
231 311
230 312
229 313
228 314
227 315
226 316
225 317
224 318
223 319
222 320
222 321
221 322
220 323
219 324
218 325
218 326
217 327
216 328
216 329
215 330
215 331
214 332
214 333
214 334
214 335
213 336
212 337
# end
#  begin
o 22
 0.286  1.000  0.667
231 353
232 354
231 354
230 353
229 352
228 351
227 350
226 349
225 348
224 348
223 348
222 347
221 347
220 346
219 345
218 344
217 343
217 342
216 341
215 342
214 342
213 342
# end
#  begin
o 8
 0.286  1.000  1.000
216 443
216 444
217 444
216 445
215 446
214 447
214 448
213 449
# end
#  begin
o 22
 0.429  0.000  0.000
221 382
222 381
222 380
222 379
223 378
223 377
223 376
223 375
223 374
222 373
221 374
221 375
220 376
219 377
220 377
219 378
218 379
217 380
217 381
216 382
215 382
214 382
# end
#  begin
o 21
 0.429  0.000  0.333
225 321
226 321
225 322
225 323
224 324
224 325
223 326
222 327
222 328
221 329
220 330
220 331
219 332
218 333
218 334
217 335
217 336
217 337
217 338
216 339
215 340
# end
#  begin
o 33
 0.429  0.000  0.667
239 211
240 212
240 211
239 210
238 209
238 208
237 207
236 206
235 206
234 205
234 204
235 203
236 203
235 202
234 202
233 202
232 203
231 203
230 203
229 204
228 204
227 205
226 206
225 206
224 207
223 208
222 208
221 209
220 209
219 210
218 211
217 212
216 213
# end
#  begin
o 6
 0.429  0.000  1.000
219 234
220 233
219 233
218 234
217 235
216 235
# end
#  begin
o 21
 0.429  0.143  0.000
226 161
225 160
226 160
227 161
227 162
227 163
226 164
225 165
224 165
223 165
222 165
221 164
220 163
220 164
219 163
218 162
218 161
219 160
220 159
219 159
218 160
# end
#  begin
o 8
 0.429  0.143  0.333
223 357
222 356
221 356
220 355
219 354
219 353
219 352
219 351
# end
#  begin
o 12
 0.429  0.143  0.667
221 362
222 363
223 364
222 364
221 363
220 362
219 362
219 361
219 360
220 359
220 358
219 359
# end
#  begin
o 48
 0.429  0.143  1.000
256 450
257 451
258 452
259 453
258 453
257 452
256 451
255 450
254 449
253 449
252 448
251 448
250 447
249 446
248 445
247 445
246 444
245 443
244 443
243 442
242 442
241 441
240 440
239 439
238 438
237 437
237 436
236 435
235 434
234 433
233 433
232 433
231 433
230 432
229 431
228 430
227 429
226 428
226 427
225 426
224 425
223 424
222 423
221 422
220 421
221 421
220 420
219 419
# end
#  begin
o 21
 0.429  0.286  0.000
238 452
237 453
236 453
235 453
234 453
233 453
232 453
231 453
230 453
229 453
228 453
227 453
226 452
226 453
225 452
224 451
223 450
222 450
221 450
220 449
219 449
# end
#  begin
o 12
 0.429  0.286  0.333
229 197
230 197
229 196
228 195
227 194
226 193
225 192
224 192
223 193
222 193
221 194
220 195
# end
#  begin
o 17
 0.429  0.286  0.667
229 179
228 179
229 178
230 177
230 176
229 175
229 174
229 173
228 172
228 171
227 170
226 169
225 169
224 169
223 170
222 171
221 172
# end
#  begin
o 9
 0.429  0.286  1.000
227 219
228 218
227 218
226 219
225 219
224 220
223 220
222 221
221 221
# end
#  begin
o 7
 0.429  0.429  0.000
225 232
226 231
225 231
224 232
223 232
222 233
221 233
# end
#  begin
o 9
 0.429  0.429  0.333
229 312
228 313
227 314
226 315
225 316
224 317
223 318
222 319
221 318
# end
#  begin
o 9
 0.429  0.429  0.667
227 361
228 362
227 362
226 361
225 360
224 359
223 359
222 360
221 359
# end
#  begin
o 12
 0.429  0.429  1.000
232 160
231 160
230 159
229 159
228 158
227 157
226 157
225 156
224 156
223 155
222 154
222 153
# end
#  begin
o 8
 0.429  0.571  0.000
227 179
226 179
225 178
224 177
224 176
223 175
222 174
222 173
# end
#  begin
o 11
 0.429  0.571  0.333
232 159
232 158
231 157
230 156
230 157
229 156
228 155
227 155
226 154
225 153
224 152
# end
#  begin
o 6
 0.429  0.571  0.667
229 367
228 366
227 366
226 365
225 365
224 364
# end
#  begin
o 7
 0.429  0.571  1.000
230 443
229 443
228 443
227 443
226 443
225 442
225 441
# end
#  begin
o 13
 0.429  0.714  0.000
237 228
238 227
237 227
236 228
235 228
234 228
233 228
232 229
231 230
230 230
229 230
228 230
227 231
# end
#  begin
o 15
 0.429  0.714  0.333
237 332
238 331
238 330
237 331
236 332
235 333
234 334
234 335
233 336
232 337
231 338
230 338
229 338
228 338
227 337
# end
#  begin
o 11
 0.429  0.714  0.667
235 338
234 339
233 340
232 340
231 341
230 341
229 342
228 341
227 340
227 339
227 338
# end
#  begin
o 8
 0.429  0.714  1.000
234 216
235 215
234 215
233 216
232 216
231 217
230 217
229 218
# end
#  begin
o 9
 0.429  0.857  0.000
230 325
230 324
231 324
232 324
232 325
232 326
231 327
230 327
229 326
# end
#  begin
o 7
 0.429  0.857  0.333
234 351
233 350
233 351
232 350
231 349
230 348
229 348
# end
#  begin
o 14
 0.429  0.857  0.667
242 233
241 232
240 232
239 232
238 232
237 232
236 232
235 233
234 234
234 233
233 234
232 235
231 236
230 236
# end
#  begin
o 10
 0.429  0.857  1.000
240 286
239 287
238 287
237 288
236 288
235 289
234 290
233 290
232 291
231 292
# end
#  begin
o 24
 0.429  1.000  0.000
234 189
233 190
233 189
234 188
235 188
236 188
237 189
238 190
239 191
240 192
241 193
240 194
239 195
240 195
239 196
238 196
237 196
236 196
235 195
234 194
234 193
233 192
232 191
232 190
# end
#  begin
o 7
 0.429  1.000  0.333
235 362
234 362
233 362
232 361
232 360
233 359
232 358
# end
#  begin
o 18
 0.429  1.000  0.667
239 170
238 169
238 170
239 171
240 172
240 173
240 174
239 175
239 176
238 176
237 175
236 174
236 173
235 172
234 171
234 170
234 169
234 168
# end
#  begin
o 19
 0.429  1.000  1.000
251 269
251 268
250 269
249 269
248 270
247 270
246 271
245 271
244 272
243 272
242 273
241 273
240 274
239 275
238 275
237 276
236 276
235 277
234 277
# end
#  begin
o 6
 0.571  0.000  0.000
237 344
238 344
237 343
236 343
235 343
234 343
# end
#  begin
o 10
 0.571  0.000  0.333
240 355
241 356
242 356
241 355
240 354
239 355
238 356
237 355
236 356
235 357
# end
#  begin
o 17
 0.571  0.000  0.667
239 227
240 226
241 225
242 224
242 223
241 223
240 222
241 221
242 220
241 219
240 218
241 218
240 217
239 216
238 216
237 217
236 217
# end
#  begin
o 12
 0.571  0.000  1.000
247 325
246 326
245 325
244 325
243 324
242 324
241 325
240 324
239 325
238 325
237 326
236 326
# end
#  begin
o 7
 0.571  0.143  0.000
240 344
241 343
240 343
239 342
239 341
238 341
237 342
# end
#  begin
o 11
 0.571  0.143  0.333
243 365
242 364
241 363
240 362
240 361
239 360
238 359
238 358
238 357
237 358
237 357
# end
#  begin
o 15
 0.571  0.143  0.667
243 169
244 170
244 171
245 172
245 173
244 174
243 173
242 172
242 171
241 170
241 169
240 168
239 167
238 166
238 165
# end
#  begin
o 19
 0.571  0.143  1.000
249 254
250 253
251 252
252 251
252 250
251 251
250 252
249 253
248 254
247 254
246 255
245 255
244 256
243 256
242 257
241 257
240 258
239 258
238 259
# end
#  begin
o 13
 0.571  0.286  0.000
238 316
239 317
240 318
241 319
242 320
243 319
244 318
243 317
242 316
241 315
240 314
239 315
238 314
# end
#  begin
o 8
 0.571  0.286  0.333
243 397
244 398
243 398
242 397
241 397
240 396
239 395
238 394
# end
#  begin
o 15
 0.571  0.286  0.667
243 327
242 327
243 328
244 329
245 330
245 331
245 332
244 332
243 331
242 330
241 329
240 329
240 328
241 327
240 327
# end
#  begin
o 7
 0.571  0.286  1.000
240 338
240 339
241 339
242 339
242 338
241 337
240 337
# end
#  begin
o 16
 0.571  0.429  0.000
247 239
248 238
249 239
248 240
247 241
248 241
249 240
248 239
247 238
246 237
246 238
245 237
244 236
243 235
242 235
241 235
# end
#  begin
o 20
 0.571  0.429  0.333
243 183
242 184
242 185
243 186
244 187
245 188
246 189
247 189
248 189
249 188
250 187
249 186
249 185
248 184
247 183
246 183
245 182
244 181
243 182
242 183
# end
#  begin
o 17
 0.571  0.429  0.667
247 205
248 204
248 203
247 204
246 205
245 206
244 205
244 204
243 203
242 202
242 201
242 200
242 199
242 198
242 197
243 196
242 195
# end
#  begin
o 12
 0.571  0.429  1.000
251 276
250 277
249 278
250 278
249 279
248 280
247 280
246 280
245 281
244 281
243 281
242 282
# end
#  begin
o 9
 0.571  0.571  0.000
246 197
247 198
248 199
248 198
247 197
246 196
245 196
244 196
243 197
# end
#  begin
o 10
 0.571  0.571  0.333
250 344
251 345
250 345
249 346
248 345
247 345
246 344
245 343
244 342
244 341
# end
#  begin
o 16
 0.571  0.571  0.667
255 372
254 371
253 370
253 371
252 370
251 369
250 368
249 367
248 366
248 365
248 364
248 363
247 362
246 361
245 360
244 359
# end
#  begin
o 16
 0.571  0.571  1.000
258 395
259 396
258 396
257 395
256 395
255 394
254 394
253 393
252 393
251 392
250 392
249 391
248 391
247 390
246 390
245 390
# end
#  begin
o 10
 0.571  0.714  0.000
252 249
251 248
250 247
249 247
248 246
248 245
248 244
248 243
247 243
246 244
# end
#  begin
o 26
 0.571  0.714  0.333
259 328
258 329
257 330
257 331
258 330
259 329
260 328
260 327
260 326
259 325
259 324
258 323
257 322
256 323
255 324
254 323
253 322
253 321
253 320
252 319
251 319
250 319
249 320
248 320
247 320
246 320
# end
#  begin
o 12
 0.571  0.714  0.667
253 214
254 215
255 216
255 217
254 216
253 215
252 214
251 213
250 213
249 214
248 214
247 214
# end
#  begin
o 14
 0.571  0.714  1.000
256 221
256 220
255 221
254 221
253 221
252 222
251 222
250 221
249 220
248 219
248 218
248 217
247 216
247 215
# end
#  begin
o 18
 0.571  0.857  0.000
248 179
248 180
249 181
250 182
251 183
252 184
253 185
254 186
255 185
256 185
255 184
254 183
253 182
252 181
251 180
250 179
249 178
248 178
# end
#  begin
o 22
 0.571  0.857  0.333
255 230
254 229
254 230
255 231
256 232
255 233
254 234
253 234
252 234
251 235
250 234
249 233
248 232
248 231
248 230
248 229
249 228
250 227
251 226
250 226
249 227
248 228
# end
#  begin
o 7
 0.571  0.857  0.667
252 326
252 325
251 326
250 326
250 325
249 324
248 323
# end
#  begin
o 11
 0.571  0.857  1.000
253 354
254 355
253 355
252 354
251 353
250 352
249 351
248 350
248 349
248 348
248 347
# end
#  begin
o 10
 0.571  1.000  0.000
257 195
258 196
259 197
259 196
258 195
257 194
256 194
255 194
254 194
253 195
# end
#  begin
o 13
 0.571  1.000  0.333
259 198
260 199
259 200
259 201
258 202
257 202
256 202
255 201
254 200
254 199
254 198
253 197
253 196
# end
#  begin
o 16
 0.571  1.000  0.667
262 244
261 243
261 244
262 245
263 246
262 247
261 248
260 248
259 248
258 247
257 246
256 245
255 244
254 243
254 242
254 241
# end
#  begin
o 6
 0.571  1.000  1.000
259 266
258 267
257 267
256 268
255 269
254 270
# end
#  begin
o 15
 0.714  0.000  0.000
260 268
259 269
260 270
260 271
260 272
260 273
259 274
258 275
257 276
256 276
255 276
254 275
254 274
254 273
254 272
# end
#  begin
o 10
 0.714  0.000  0.333
258 240
259 241
260 242
261 242
260 241
259 240
258 239
257 239
256 239
255 240
# end
#  begin
o 15
 0.714  0.000  0.667
266 345
265 344
264 343
264 342
263 341
262 340
261 339
260 338
259 337
258 336
257 335
256 334
257 333
256 332
255 332
# end
#  begin
o 14
 0.714  0.000  1.000
267 351
266 352
266 351
265 352
264 353
263 354
262 354
261 355
260 355
259 355
258 355
257 356
256 356
255 355
# end
#  begin
o 9
 0.714  0.143  0.000
263 402
262 402
261 401
260 401
259 401
258 400
257 399
256 399
255 398
# end
#  begin
o 8
 0.714  0.143  0.333
261 261
261 260
260 261
259 261
258 261
257 261
257 260
256 261
# end
#  begin
o 7
 0.714  0.143  0.667
262 252
262 253
261 252
260 252
259 253
258 254
257 255
# end
#  begin
o 12
 0.714  0.143  1.000
265 211
266 212
266 211
265 210
265 209
264 208
263 207
262 207
261 207
260 207
259 207
258 208
# end
#  begin
o 10
 0.714  0.286  0.000
266 214
266 213
265 214
264 215
263 214
262 214
261 213
260 212
259 211
258 212
# end
#  begin
o 9
 0.714  0.286  0.333
262 198
262 197
261 196
261 195
260 194
260 193
259 192
259 191
259 190
# end
#  begin
o 19
 0.714  0.286  0.667
267 229
268 228
268 227
267 228
266 229
265 230
264 230
263 229
262 228
261 227
261 226
260 225
260 224
261 223
262 222
263 221
262 221
261 222
260 223
# end
#  begin
o 8
 0.714  0.286  1.000
265 398
266 399
265 399
264 398
263 398
262 397
261 397
260 396
# end
#  begin
o 16
 0.714  0.429  0.000
273 460
273 459
273 458
272 457
271 456
270 455
269 455
268 454
267 454
266 454
265 453
264 453
263 453
262 453
261 453
260 453
# end
#  begin
o 10
 0.714  0.429  0.333
265 199
264 198
264 197
264 196
263 195
263 194
262 193
262 192
261 191
261 190
# end
#  begin
o 7
 0.714  0.429  0.667
261 258
261 259
262 258
261 257
261 256
261 255
261 254
# end
#  begin
o 20
 0.714  0.429  1.000
274 350
275 351
275 350
274 349
274 348
273 347
272 346
271 345
271 344
270 343
270 342
269 341
268 340
267 339
266 338
265 337
265 336
264 335
263 334
262 333
# end
#  begin
o 8
 0.714  0.571  0.000
268 226
268 225
268 224
267 223
267 222
266 221
265 220
264 221
# end
#  begin
o 11
 0.714  0.571  0.333
272 238
271 237
271 236
271 235
270 234
269 234
268 234
267 235
266 235
265 236
264 235
# end
#  begin
o 11
 0.714  0.571  0.667
272 240
271 241
271 240
270 241
269 242
268 242
267 241
266 240
265 239
265 238
264 237
# end
#  begin
o 14
 0.714  0.571  1.000
266 267
265 266
265 267
266 268
267 267
268 266
268 265
268 264
269 263
268 262
267 262
266 263
265 264
264 263
# end
#  begin
o 7
 0.714  0.714  0.000
269 458
268 457
267 457
266 456
265 456
265 457
264 458
# end
#  begin
o 18
 0.714  0.714  0.333
268 208
267 207
267 208
268 209
268 210
269 211
270 211
271 210
270 209
270 208
270 207
270 206
269 205
269 204
268 203
268 202
267 201
266 201
# end
#  begin
o 6
 0.714  0.714  0.667
267 250
267 249
268 248
269 247
268 247
267 248
# end
#  begin
o 13
 0.714  0.714  1.000
267 254
267 255
268 256
269 255
270 254
271 253
271 252
271 251
270 251
269 252
268 253
268 252
267 253
# end
#  begin
o 9
 0.714  0.857  0.000
275 403
274 402
273 402
272 401
271 401
270 401
269 400
268 400
267 399
# end
#  begin
o 12
 0.714  0.857  0.333
278 409
277 408
276 407
276 408
275 407
274 406
273 406
272 406
271 405
270 405
269 404
268 404
# end
#  begin
o 9
 0.714  0.857  0.667
274 260
273 261
273 262
273 263
272 264
272 265
271 266
270 266
270 265
# end
#  begin
o 14
 0.714  0.857  1.000
272 224
272 225
273 226
274 226
275 225
274 224
274 223
274 222
273 221
273 220
273 219
273 218
272 217
271 218
# end
#  begin
o 10
 0.714  1.000  0.000
275 239
276 238
276 239
275 240
274 239
274 238
274 237
274 236
274 235
274 234
# end
#  begin
o 18
 0.714  1.000  0.333
275 247
275 246
275 245
275 244
276 244
277 245
277 246
277 247
277 248
277 249
276 250
276 251
276 252
275 252
274 251
274 250
274 249
274 248
# end
#  begin
o 14
 0.714  1.000  0.667
283 380
284 379
284 380
285 379
285 378
285 377
285 376
285 375
285 374
284 373
283 372
282 371
281 370
280 369
# end
#  begin
o 7
 0.714  1.000  1.000
307 454
307 453
307 452
306 451
306 450
305 449
305 448
# end
#  begin
o 8
 0.857  0.000  0.000
327 400
328 399
329 398
330 398
329 399
328 400
327 401
326 402
# end
#  begin
o 24
 0.857  0.000  0.333
345 362
344 363
345 363
344 364
343 365
342 366
341 367
340 368
339 369
338 369
337 370
336 370
335 371
334 371
333 370
332 369
331 368
330 367
329 366
329 365
329 364
329 363
329 362
329 361
# end
#  begin
o 13
 0.857  0.000  0.667
340 349
340 348
339 349
338 350
337 350
336 351
335 352
334 353
333 354
333 355
332 356
331 357
330 358
# end
#  begin
o 12
 0.857  0.000  1.000
334 335
334 334
334 333
334 332
334 331
334 330
334 329
334 328
334 327
335 326
335 325
334 326
# end
#  begin
o 7
 0.857  0.143  0.000
338 322
339 321
338 321
337 322
336 323
335 324
335 323
# end
#  begin
o 14
 0.857  0.143  0.333
342 424
343 423
343 424
342 425
342 426
341 427
341 428
340 429
340 430
339 431
339 432
338 433
337 434
336 435
# end
#  begin
o 10
 0.857  0.143  0.667
340 438
341 437
341 438
340 439
339 440
338 440
337 440
336 439
336 438
336 437
# end
#  begin
o 6
 0.857  0.143  1.000
340 347
340 346
341 345
342 344
341 344
340 345
# end
#  begin
o 9
 0.857  0.286  0.000
345 429
344 430
345 430
344 431
344 432
343 433
343 434
342 435
341 436
# end
