#POINTS:
34 
-1841 207 -1841 -409 858 -409 858 85
711 85 711 -218 -1657 -218 -1657 207
-5500 -5500 5500 -5500 5500 -5000 -5500 -5000
-5500 5000 5500 5000 5500 5500 -5500 5500
-5500 -5000 -5000 -5000 -5000 5000 -5500 5000
5000 -5000 5500 -5000 5500 5000 5000 5000
55 -5053 661 -5053 2810 865 2332 1075 91 -4958
-918 4996 -918 3168 -73 -333 1212 523 -404 5015
6
9 10 11 12 9
13 14 15 16 13
17 18 19 20 17
21 22 23 24 21
25 26 27 28 29 25
30 31 32 32 33 30
1 2 3 4 5 6 7 8 1
2 3 0 1 0 7 50 -1 -1 0.000 0 0 -1 0 0 5
-5500 -5500 5500 -5500 5500 -5000 -5500 -5000 -5500 -5500
2 3 0 1 0 7 50 -1 -1 0.000 0 0 -1 0 0 5
-5500 5000 5500 5000 5500 5500 -5500 5500 -5500 5000
2 3 0 1 0 7 50 -1 -1 0.000 0 0 -1 0 0 5
-5500 -5000 -5000 -5000 -5000 5000 -5500 5000 -5500 -5000
2 3 0 1 0 7 50 -1 -1 0.000 0 0 -1 0 0 5
5000 -5000 5500 -5000 5500 5000 5000 5000 5000 -5000
2 3 0 1 0 7 50 -1 -1 0.000 0 0 -1 0 0 6
55 -5053 661 -5053 2810 865 2332 1075 91 -4958 55 -5053
2 3 0 1 0 7 50 -1 -1 0.000 0 0 -1 0 0 6
-918 4996 -918 3168 -73 -333 1212 523 -404 5015 -918 4996
